out.dat
   0.00100   0.00000
 1064 1948    2    1    0    2    0    0    0    0    5
    0
    1      247.42703       71.53207
    2      248.13707       71.97432
    3      247.39643       72.32576
    4      248.14698       71.12796
    5      246.69869       71.86753
    6      247.33224       70.77843
    7      246.74551       71.10456
    8      248.05692       72.80579
    9      248.77565       72.42656
   10      248.92441       71.62106
   11      247.31539       73.13079
   12      246.66051       72.65565
   13      249.00759       70.69105
   14      247.95724       70.14440
   15      245.96082       72.23846
   16      245.91597       71.36377
   17      246.32642       69.96464
   18      247.96510       73.71436
   19      248.71367       73.24968
   20      249.37962       72.80360
   21      249.41593       72.09887
   22      250.00000       71.39549
   23      247.17718       73.87186
   24      246.59066       73.41202
   25      245.95951       72.99096
   26      250.00000       70.24557
   27      248.96475       69.59082
   28      247.85891       68.66191
   29      245.25034       71.92222
   30      245.28841       72.66289
   31      244.46504       71.07563
   32      245.86482       67.45898
   33      244.40287       69.04446
   34      248.72183       74.08733
   35      248.14346       74.51992
   36      247.59841       74.30922
   37      249.36412       73.64526
   38      250.00000       72.24765
   39      250.00000       73.14882
   40      247.07888       74.53966
   41      246.51465       74.12510
   42      245.90965       73.69425
   43      245.37481       73.30323
   44      250.00000       68.21116
   45      247.97924       66.54048
   46      244.65773       72.29136
   47      244.57712       73.26035
   48      242.94492       69.79724
   49      243.70773       72.53570
   50      242.56070       71.64175
   51      242.39213       66.88502
   52      246.15365       63.54446
   53      249.36960       74.50015
   54      248.75980       74.87458
   55      248.18815       75.23246
   56      247.62038       74.89678
   57      250.00000       74.08199
   58      247.05706       75.20120
   59      246.47112       74.81895
   60      245.84741       74.40777
   61      245.20140       73.94737
   62      250.00000       64.80116
   63      243.50537       73.80860
   64      244.40172       74.31481
   65      240.89763       70.22993
   66      242.56360       73.13998
   67      240.84028       73.02646
   68      241.49186       61.77153
   69      238.95543       64.83768
   70      238.40440       68.23956
   71      250.00000       59.36190
   72      245.32462       57.95831
   73      250.00000       75.00000
   74      249.35917       75.29356
   75      248.76741       75.60191
   76      248.19691       75.91519
   77      247.62633       75.56203
   78      247.05164       75.87590
   79      246.46376       75.50674
   80      245.84284       75.12920
   81      245.16662       74.74672
   82      243.58961       74.95666
   83      242.26847       74.66046
   84      244.51256       75.22719
   85      238.30296       71.72872
   86      240.52515       75.42701
   87      238.87607       74.27702
   88      237.36538       61.70386
   89      238.75644       55.64009
   90      235.14739       65.53320
   91      234.79979       70.20087
   92      250.00000       54.21162
   93      245.50406       53.16169
   94      249.90848       75.74938
   95      250.55909       75.58957
   96      250.85858       75.00000
   97      249.31701       75.98758
   98      248.75843       76.25666
   99      247.62878       76.23004
  100      248.20470       76.56666
  101      247.05364       76.54971
  102      246.46081       76.18869
  103      245.86625       75.82242
  104      245.23918       75.48612
  105      243.99363       76.00417
  106      243.01254       75.74772
  107      242.08870       76.49738
  108      244.75512       75.86748
  109      236.21748       74.29746
  110      240.66819       77.16753
  111      238.56726       76.88022
  112      232.47575       60.73678
  113      243.42207       48.51522
  114      233.89131       46.59607
  115      230.55487       54.57706
  116      229.10387       67.36958
  117      231.62262       74.03668
  118      250.00000       49.46100
  119      249.81375       76.41483
  120      250.35376       76.14966
  121      250.99285       76.09700
  122      251.20390       75.48716
  123      251.79484       75.00000
  124      249.24613       76.53802
  125      248.79629       76.88447
  126      247.63737       76.87231
  127      248.19915       77.20324
  128      246.45441       76.88464
  129      247.08567       77.22171
  130      245.86729       76.49367
  131      245.30593       76.14072
  132      244.76525       76.48918
  133      243.26653       76.60321
  134      244.19344       77.12798
  135      243.13111       77.59823
  136      241.90816       78.23460
  137      235.20512       78.63931
  138      240.25168       78.79842
  139      238.47717       79.47872
  140      224.28646       59.57820
  141      250.00000       45.14293
  142      242.36915       41.03389
  143      223.76030       50.38648
  144      224.13432       39.75383
  145      234.38443       36.27735
  146      220.60114       67.38728
  147      225.17516       74.07008
  148      229.57074       79.59516
  149      249.53116       77.12414
  150      250.47134       76.85171
  151      251.53632       76.70175
  152      251.81127       75.73990
  153      252.67737       75.00000
  154      248.80318       77.56416
  155      247.64813       77.43447
  156      248.08609       77.86339
  157      245.75018       77.23233
  158      246.49258       77.58497
  159      247.22838       77.99366
  160      245.34479       76.69066
  161      245.02826       77.09330
  162      245.09741       77.91382
  163      244.10005       78.15435
  164      243.32112       78.94677
  165      242.12826       80.36239
  166      238.42749       82.45591
  167      233.93534       83.62038
  168      240.00648       80.59872
  169      216.97632       61.53589
  170      217.38172       55.23826
  171      250.00000       37.50000
  172      242.55244       32.14968
  173      212.31312       46.57548
  174      215.62386       36.32534
  175      221.15371       30.70001
  176      228.27218       31.40605
  177      235.08718       26.72457
  178      217.13951       74.83060
  179      212.41895       67.20524
  180      223.01307       81.20121
  181      228.87557       85.95262
  182      249.45691       77.93972
  183      250.10571       77.60590
  184      250.96758       77.83136
  185      252.32344       77.51089
  186      252.66232       76.15352
  187      253.94226       75.00000
  188      248.73077       78.32070
  189      247.89989       78.64377
  190      245.94199       77.92578
  191      246.48944       78.22854
  192      246.91347       78.97187
  193      245.87766       78.65358
  194      244.79160       79.13325
  195      243.96171       80.13026
  196      244.42847       81.80440
  197      242.46803       82.43874
  198      240.84761       81.86311
  199      237.37315       86.04174
  200      240.58309       85.82341
  201      241.20778       83.45982
  202      234.53899       88.80222
  203      210.48904       58.36935
  204      250.00000       27.94047
  205      243.45193       23.35937
  206      199.84682       43.45419
  207      206.85711       35.26256
  208      201.32498       54.10924
  209      213.66104       29.33484
  210      218.73030       23.76900
  211      226.60183       23.53816
  212      232.59312       20.35352
  213      237.73226       19.96649
  214      207.69269       75.82122
  215      214.97415       83.44663
  216      202.82435       65.67602
  217      222.67153       89.27144
  218      230.16131       92.81554
  219      249.47708       78.73051
  220      250.09426       78.23861
  221      250.47363       79.03012
  222      251.80778       78.83013
  223      253.32581       78.56972
  224      253.69179       76.96423
  225      255.22540       76.57307
  226      255.96817       75.00000
  227      248.66331       79.15417
  228      247.83160       79.56079
  229      246.04234       79.72015
  230      247.04023       79.99640
  231      245.14578       80.38838
  232      246.51679       81.12501
  233      247.03406       83.48313
  234      243.76003       84.68894
  235      239.38084       89.50677
  236      243.48908       88.53407
  237      237.57159       94.70163
  238      250.00000       21.37384
  239      246.46562       18.55841
  240      242.30012       16.78507
  241      197.85227       35.22742
  242      192.01026       50.02358
  243      188.91135       39.66052
  244      201.11819       28.44519
  245      207.69209       27.45411
  246      191.62450       61.10687
  247      211.94371       22.46059
  248      217.03559       17.13122
  249      222.05160       19.38567
  250      225.76865       17.43899
  251      229.15955       18.50978
  252      231.96455       16.25746
  253      234.97133       17.13685
  254      237.94205       15.47263
  255      205.73395       86.42925
  256      193.65577       77.59092
  257      214.82462       93.09800
  258      224.47527       98.85535
  259      232.93323       98.97939
  260      249.48388       79.66704
  261      250.31971       80.06879
  262      251.23492       79.80023
  263      252.59452       80.20188
  264      254.91043       79.90841
  265      254.68415       78.00859
  266      256.26553       78.06346
  267      256.79125       76.43778
  268      258.21823       75.00000
  269      248.64996       79.99533
  270      247.90657       80.58788
  271      248.05483       81.80295
  272      249.92327       85.07012
  273      247.16597       87.01441
  274      249.39785       82.80438
  275      242.84924       92.87658
  276      247.21727       91.21071
  277      242.66899       97.19454
  278      240.49393      102.60957
  279      250.00000       16.55099
  280      246.59021       14.73448
  281      243.55882       12.10212
  282      240.33759       13.35961
  283      192.52789       29.31462
  284      178.60351       51.93374
  285      178.06438       37.56348
  286      183.66992       30.40085
  287      204.81587       21.73639
  288      196.89225       21.68061
  289      181.59304       67.45880
  290      209.64726       15.22627
  291      215.35294       11.40144
  292      219.33833       12.58083
  293      222.12778       15.08931
  294      228.86030       14.97552
  295      225.80925       13.18820
  296      231.48505       13.02081
  297      234.62465       13.63413
  298      237.63281       12.02797
  299      197.82532       91.46487
  300      206.31176       97.37920
  301      186.52710       92.72739
  302      176.43905       80.50542
  303      215.31579      102.92440
  304      231.96403      105.91488
  305      223.54315      108.74726
  306      249.42593       80.97726
  307      251.04387       80.82263
  308      252.11304       81.83126
  309      253.78369       81.59157
  310      256.02871       83.00041
  311      257.68168       79.92372
  312      258.26398       77.57059
  313      260.49923       77.01945
  314      262.53169       75.00000
  315      251.39810       83.30468
  316      253.02168       85.06171
  317      251.52198       88.75242
  318      250.67147       81.95805
  319      246.80481       95.83836
  320      251.38709       93.87938
  321      245.63121       99.71904
  322      247.23293      103.26468
  323      246.65571      108.66274
  324      239.25141      111.35217
  325      250.00000       12.95326
  326      247.26729       11.48849
  327      245.55299        9.36447
  328      240.25413       10.41026
  329      242.67113        8.65857
  330      186.68116       20.51692
  331      166.92361       40.90458
  332      167.64238       66.15704
  333      163.10014       53.41503
  334      172.16483       24.94868
  335      201.50680       15.08974
  336      194.13002       14.84140
  337      211.12077        9.31100
  338      205.60829        9.39868
  339      215.41569        5.73192
  340      219.41305        8.49147
  341      222.76326       10.81095
  342      228.95543       11.53772
  343      226.38107        9.29693
  344      233.08089       11.31542
  345      231.24517       10.63120
  346      235.12318       10.39392
  347      237.51216        8.95115
  348      196.89801      103.19759
  349      207.45672      107.20175
  350      184.30174      106.31684
  351      171.20780       97.60979
  352      159.08892       82.01099
  353      215.44311      112.12358
  354      231.16752      114.56772
  355      222.99132      117.74690
  356      253.26904       82.95793
  357      260.52604       82.00097
  358      255.98836       87.17120
  359      259.04267       85.35905
  360      260.09541       78.99847
  361      263.38686       78.52818
  362      266.77148       75.00000
  363      255.81191       91.51489
  364      250.89374       99.42879
  365      255.97767       96.31456
  366      252.37286      105.37755
  367      246.48619      116.37647
  368      254.08009      112.50579
  369      238.74109      119.98164
  370      250.00000       10.44813
  371      247.98738        9.36261
  372      247.11660        7.74639
  373      244.82349        6.87064
  374      239.83093        7.40496
  375      242.03441        5.80969
  376      187.94031        9.34126
  377      179.04688       13.08311
  378      154.41622       45.93976
  379      155.41063       31.84811
  380      148.10461       62.22076
  381      157.51262       15.01838
  382      169.87666       10.60870
  383      197.62958        7.57847
  384      209.57965        4.79667
  385      203.79559        4.35399
  386      214.28571        0.00000
  387      217.98159        1.98150
  388      220.09839        4.18730
  389      223.50296        6.29599
  390      229.88178        8.26300
  391      227.33536        5.81100
  392      232.79960        9.05389
  393      234.95905        7.57393
  394      237.19997        6.09197
  395      202.23122      112.44543
  396      193.92463      114.86087
  397      208.77796      114.92449
  398      182.94736      118.51247
  399      174.69618      110.81723
  400      164.59637      110.32703
  401      153.54336      100.68733
  402      137.78594       84.96635
  403      214.58999      120.67326
  404      230.55057      123.12318
  405      222.63268      126.74452
  406      265.05114       82.71553
  407      262.21509       85.42066
  408      260.38669       89.16212
  409      268.12535       78.97179
  410      270.88857       75.00000
  411      259.51169       93.61005
  412      256.79659      101.51434
  413      261.46503       97.93989
  414      258.53594      106.76601
  415      247.34660      125.60559
  416      252.90710      119.69657
  417      259.42582      118.34269
  418      262.14633      111.95114
  419      237.73320      128.37994
  420      250.00000        7.76556
  421      247.29152        5.38674
  422      244.27429        4.25797
  423      239.34373        4.64470
  424      241.34578        3.09667
  425      178.57143        0.00000
  426      191.32953        0.00000
  427      139.14157       41.73301
  428      142.72585       22.94554
  429      115.55707       61.32314
  430      162.01767        0.00000
  431      142.85714        0.00000
  432      198.94141        0.00000
  433      207.17896        0.00000
  434      218.75953        0.00000
  435      221.33783        0.00000
  436      222.91512        2.68276
  437      225.57077        2.93050
  438      232.38790        6.31028
  439      230.04000        5.24414
  440      228.63555        2.83541
  441      234.66696        4.74869
  442      236.85672        3.31064
  443      204.18519      122.02330
  444      193.07563      126.57610
  445      181.18850      130.93449
  446      170.55086      121.17660
  447      152.98367      121.34423
  448      136.14837      107.92243
  449      114.96465       95.64240
  450      213.48684      130.37345
  451      230.12794      130.58054
  452      224.05817      137.61704
  453      266.00685       87.84120
  454      269.88309       83.47869
  455      263.81113       92.94616
  456      272.62107       79.10373
  457      274.86007       75.00000
  458      261.38304      102.82706
  459      266.92655       96.59663
  460      265.58728      101.35914
  461      264.40766      106.29886
  462      244.02433      133.85727
  463      254.45475      135.19802
  464      257.27163      125.38412
  465      266.57705      117.33948
  466      263.70543      122.91303
  467      269.82600      110.20417
  468      235.74370      136.81881
  469      250.00000        4.96498
  470      248.41398        3.39103
  471      246.47916        2.72875
  472      243.71623        1.68056
  473      238.79237        2.20549
  474      239.92033        0.00000
  475      118.82466       26.20151
  476       88.93511       82.73091
  477       83.17496       58.06124
  478       94.06797       39.14279
  479      107.14286        0.00000
  480      224.06568        0.00000
  481      226.94626        0.00000
  482      231.92920        3.04951
  483      229.98019        0.00000
  484      234.62267        2.21875
  485      236.48547        0.00000
  486      203.18124      133.85039
  487      192.98140      139.01625
  488      166.96710      134.97754
  489      180.60862      145.34799
  490      151.40601      139.38777
  491      143.65660      131.25261
  492      137.25929      124.19701
  493      120.52858      120.52746
  494       91.22052      116.05751
  495      212.29272      141.00287
  496      220.71245      149.90616
  497      233.56775      147.37724
  498      272.35025       88.87875
  499      268.18716       92.23189
  500      275.02797       83.33732
  501      276.94139       78.83458
  502      278.67572       75.00000
  503      270.49468      100.04122
  504      271.78783       94.87209
  505      268.84672      104.45116
  506      245.01154      143.01352
  507      265.98074      130.35436
  508      264.51832      140.24632
  509      257.03011      147.92497
  510      275.02432      117.56339
  511      269.43617      122.99670
  512      277.92770      109.39043
  513      273.84234      104.22890
  514      250.00000        2.21111
  515      248.34772        1.66603
  516      246.86175        0.00000
  517      243.41607        0.00000
  518       90.59262       18.40003
  519       58.16094       92.60709
  520       70.73319       72.48896
  521       66.91272       60.32780
  522       67.96664       48.47037
  523       78.06691       41.97396
  524       78.20741       28.94255
  525       71.42857        0.00000
  526      233.16370        0.00000
  527      202.93581      143.54013
  528      196.78909      153.49367
  529      165.00554      151.35925
  530      180.44805      161.75841
  531      132.97923      139.93832
  532      146.81595      157.30429
  533      110.56062      138.86678
  534       57.88513      131.30563
  535       87.48197      150.07829
  536      209.40760      150.25891
  537      214.27128      163.11444
  538      230.78260      159.74018
  539      245.31262      156.82525
  540      278.36739       87.40116
  541      276.98654       92.91517
  542      279.85715       82.29854
  543      280.51638       78.25509
  544      282.33200       75.00000
  545      275.78183       98.56891
  546      275.96901      126.78594
  547      276.70755      138.80708
  548      268.63744      148.74623
  549      264.44481      163.30977
  550      283.43131      114.54640
  551      282.20198      121.59784
  552      285.35056      107.06724
  553      280.09696      102.64170
  554      250.00000        0.00000
  555       73.92151       16.17113
  556       26.75274      111.46771
  557       29.54432       83.70219
  558       43.67058       74.12097
  559       56.47150       68.72848
  560       56.21550       53.97280
  561       56.52136       41.25243
  562       66.92729       35.29679
  563       65.69632       22.77647
  564       63.70572       10.83195
  565       59.03923        0.00000
  566      196.85634      171.36755
  567      163.58970      169.00363
  568      179.72261      179.74833
  569      120.47150      167.51449
  570      147.21780      176.28295
  571       27.45056      148.13918
  572       56.06473      169.11629
  573       88.52951      177.35654
  574      213.36047      181.33408
  575      232.03136      175.40591
  576      238.94878      165.62388
  577      247.71908      170.47453
  578      282.32660       91.13249
  579      283.58102       85.82983
  580      281.25212       96.61302
  581      284.70874       80.13324
  582      287.50000       75.00000
  583      286.61198      129.36510
  584      295.13829      142.63502
  585      280.73121      153.27385
  586      285.08974      168.17312
  587      272.93889      183.04900
  588      258.19897      177.92658
  589      290.25652      111.89130
  590      290.05667      119.71028
  591      294.05373      103.94549
  592      286.34878       99.94830
  593        0.00000      133.33333
  594        0.00000      100.00000
  595       14.09912       91.04500
  596       31.04705       66.75271
  597       14.19660       79.53106
  598       18.86204       70.52624
  599       43.11390       58.94409
  600       46.33658       46.29732
  601       55.10509       28.36494
  602       46.65544       35.42451
  603       56.32778       17.12081
  604       55.82093        8.92331
  605       50.50495        4.72749
  606       51.49236        0.00000
  607      196.54656      188.75635
  608      162.28387      187.50582
  609      178.57143      200.00000
  610      107.14286      200.00000
  611      142.85714      200.00000
  612        0.00000      166.66667
  613       23.85971      176.79501
  614       35.71429      200.00000
  615       71.42857      200.00000
  616      226.15705      189.30823
  617      214.28571      200.00000
  618      237.77247      189.71499
  619      247.37793      183.75581
  620      367.88369       73.89627
  621      285.83623       94.44612
  622      287.75104       89.56197
  623      288.34726       84.43702
  624      290.72170       80.10349
  625      292.95914       75.00000
  626      299.59837      126.65446
  627      294.72221      157.85255
  628      311.43869      156.56168
  629      316.69091      135.84512
  630      296.48599      182.88616
  631      301.44929      168.59377
  632      264.59022      200.00000
  633      258.59625      188.96320
  634      283.33333      200.00000
  635      298.51997      114.12952
  636      306.61133      104.25966
  637      291.45597       94.95596
  638      299.81731       95.25560
  639        0.00000       80.54115
  640       30.55511       54.31852
  641       20.56591       59.12890
  642        8.47882       71.87213
  643        9.33952       62.17043
  644       37.53618       48.63057
  645       38.02317       39.71656
  646       45.54202       26.93848
  647       48.10267       19.88353
  648       38.46911       30.20364
  649       49.55236       12.01313
  650       43.87389        7.46142
  651       43.26394        0.00000
  652      196.47436      200.00000
  653      161.74456      200.00000
  654        0.00000      200.00000
  655      233.37333      200.00000
  656      250.00000      200.00000
  657      375.64597       78.89662
  658      365.89006       83.53265
  659      366.80042       65.25456
  660      374.98271       68.82523
  661      356.09928       72.97231
  662      294.92313       86.54068
  663      295.83299       79.49553
  664      299.21834       75.00000
  665      310.71628      118.19274
  666      341.27514      156.93146
  667      319.50981      177.49534
  668      323.21664      120.52736
  669      335.59321      129.36346
  670      316.66667      200.00000
  671      307.75671       94.18344
  672      315.79845       96.22174
  673      319.69765      107.71481
  674      304.09493       87.60150
  675        0.00000       66.66667
  676       21.43427       48.75909
  677       29.69866       44.02402
  678       12.15878       52.27780
  679        0.00000       59.19562
  680        5.32081       55.60777
  681       29.44305       33.71931
  682       39.47007       21.05275
  683       42.76254       14.10858
  684       31.80268       24.63859
  685       38.96099        4.47590
  686       38.30414        9.57222
  687       35.71429        0.00000
  688      382.22327       72.53106
  689      387.32385       82.78445
  690      375.58935       91.92882
  691      356.80119       86.85448
  692      363.35547       96.76080
  693      366.90020       55.56071
  694      374.69744       59.23981
  695      360.20872       61.16481
  696      382.64079       63.31068
  697      344.54249       65.94912
  698      352.25364       59.59247
  699      341.79633       76.53051
  700      348.73393       84.35912
  701      301.30899       80.80610
  702      305.50360       75.00000
  703      350.00000      200.00000
  704      375.00000      175.00000
  705      368.66954      148.65555
  706      353.63947      132.57274
  707      333.70170      111.45368
  708      345.18096      118.85871
  709      312.45825       87.54523
  710      320.12825       87.96657
  711      328.14435       95.63919
  712      308.26139       81.15851
  713       14.44599       43.93956
  714       21.22620       39.07648
  715        5.11405       50.27867
  716        8.90103       46.16228
  717        0.00000       54.19646
  718       22.19617       32.02500
  719       24.73187       26.49855
  720       32.62528       17.30307
  721       37.27208       14.66844
  722       26.15774       19.15211
  723       33.72556        5.39310
  724       33.26582       11.36866
  725       31.11823        0.00000
  726      390.52731       68.91403
  727      400.00000       75.00000
  728      400.00000       91.24136
  729      387.31914      101.19592
  730      374.09029      108.63025
  731      349.97789       96.77199
  732      357.81546      112.89375
  733      358.99005       52.44399
  734      374.36527       49.47784
  735      366.16473       45.90456
  736      382.41682       53.14331
  737      390.96919       57.29282
  738      336.83130       62.16163
  739      342.87245       55.59216
  740      337.36774       68.99575
  741      350.68855       49.54179
  742      332.84918       73.84661
  743      333.95388       81.02223
  744      339.02053       88.73352
  745      311.56947       75.00000
  746      400.00000      150.00000
  747      373.49830      128.80197
  748      345.15496      108.00990
  749      339.19816      100.11203
  750      314.53155       80.90243
  751      316.54739       84.69106
  752      319.03731       82.34841
  753      322.62950       83.22315
  754      326.23878       86.11280
  755      331.33704       86.79679
  756        8.48096       39.62206
  757       14.49761       37.94734
  758       16.91515       33.25283
  759        0.00000       48.79674
  760        4.30536       44.69330
  761       18.69888       27.71827
  762       20.17511       21.85337
  763       27.96765       13.02741
  764       24.78222       15.05850
  765       21.11708       15.67512
  766       28.99031        4.06124
  767       29.83271        8.29676
  768       28.07340        0.00000
  769      400.00000       62.57539
  770      400.00000      112.50000
  771      386.98155      120.22563
  772      357.54733       42.94132
  773      374.33733       39.14490
  774      381.55820       43.89058
  775      364.70773       35.85549
  776      390.23024       45.66505
  777      400.00000       50.14848
  778      330.76415       66.70631
  779      330.36397       60.10879
  780      334.97993       55.67620
  781      337.41228       49.98757
  782      343.16420       46.30831
  783      349.12076       40.36998
  784      328.77069       74.54340
  785      327.89734       71.49393
  786      329.29374       77.90745
  787      329.33054       82.48171
  788      315.41854       77.29139
  789      317.32486       75.00000
  790      318.24827       78.26311
  791      321.97683       79.06817
  792      325.76634       80.61979
  793        3.31963       40.22351
  794        3.79227       36.08921
  795        7.12120       34.14911
  796       11.43124       33.89716
  797       13.43510       28.95333
  798        0.00000       43.13645
  799       14.76463       23.84585
  800       15.58389       18.23125
  801       23.96689       12.35987
  802       25.21418        7.63341
  803       16.39058       12.67224
  804       20.81212       10.37870
  805       26.03195        3.02960
  806       24.88313        0.00000
  807      355.43318       33.52384
  808      372.72555       27.71590
  809      386.43051       32.02536
  810      361.92233       25.89234
  811      400.00000       37.50000
  812      325.00000       67.34147
  813      325.00000       63.04191
  814      325.00000       58.30806
  815      329.56018       54.75737
  816      332.83939       51.44964
  817      337.39471       43.88270
  818      333.12046       47.00698
  819      341.32194       38.46327
  820      346.44190       31.43796
  821      325.00000       75.00000
  822      325.00000       71.52576
  823      321.08769       75.00000
  824        0.00000       37.60632
  825        0.00000       33.33333
  826        3.78174       31.63722
  827        8.11977       29.49991
  828       10.63156       25.56224
  829       10.06327       20.75666
  830       10.99036       14.58902
  831       23.02847        3.43757
  832       21.10823        6.47523
  833       12.77985        9.67716
  834       17.09535        7.44859
  835       21.54777        0.00000
  836      352.79309       24.64441
  837      380.89488       17.10880
  838      367.87104       16.24793
  839      400.00000       25.62637
  840      391.56501       19.54319
  841      357.94008       17.36256
  842      325.00000       53.17140
  843      329.09510       49.82282
  844      332.90974       42.08275
  845      336.18100       39.42825
  846      329.01779       44.80636
  847      336.57608       35.23678
  848      340.25621       32.57787
  849      345.30544       23.11614
  850      340.52087       27.35777
  851        0.00000       29.19772
  852        3.61401       27.56713
  853        6.77268       24.76018
  854        5.22248       21.12476
  855        6.45788       17.18510
  856        6.48015       12.98638
  857        9.17629       10.60645
  858       19.42912        3.45878
  859       13.45207        6.06443
  860        9.58181        6.66591
  861       15.75794        3.35917
  862       18.07179        0.00000
  863      349.44622       16.51017
  864      390.47435        9.49939
  865      374.53324        7.83058
  866      382.60928        6.88831
  867      361.06345       11.07786
  868      365.95179        6.73846
  869      400.00000       13.44970
  870      354.35173        9.77570
  871      325.00000       47.73983
  872      328.91967       39.88374
  873      332.70254       37.47572
  874      325.00000       42.29051
  875      332.64625       33.08107
  876      336.29163       30.39275
  877      343.36420       17.63641
  878      338.98671       21.07097
  879      335.65033       25.52914
  880        0.00000       26.25667
  881        2.97357       24.05240
  882        2.20932       21.39975
  883        2.84030       18.58923
  884        3.14157       15.04211
  885        3.07005       11.37363
  886        6.05206        9.10565
  887       12.05349        3.16107
  888        8.32469        2.85297
  889        5.25870        5.16026
  890       14.46688        0.00000
  891      344.27904       13.34941
  892      347.67729        9.61092
  893      400.00000        0.00000
  894      387.75007        0.00000
  895      370.49189        0.00000
  896      379.38056        0.00000
  897      359.16875        5.25857
  898      362.50000        0.00000
  899      350.42499        4.64042
  900      354.56740        3.93585
  901      325.00000       37.50000
  902      328.76741       35.14068
  903      329.66217       31.67898
  904      331.73753       28.56576
  905      338.64084       14.08383
  906      334.55544       21.75551
  907      334.86985       18.01799
  908      331.69757       24.00383
  909        0.00000       23.19918
  910        0.00000       20.02664
  911        0.00000       16.74393
  912        0.00000       13.36199
  913        0.00000        9.90342
  914        2.75179        7.82668
  915       10.75832        0.00000
  916        5.31072        2.11358
  917        6.99939        0.00000
  918        2.13527        4.99233
  919        2.66791        2.54716
  920      342.19138        8.88446
  921      345.37040        4.50536
  922      356.46158        0.00000
  923      348.11346        0.00000
  924      352.40612        0.00000
  925      325.00000       34.15888
  926      327.26300       32.21844
  927      327.83116       29.39035
  928      328.27949       25.86850
  929      336.99380        7.87264
  930      334.14702       11.16786
  931      334.04543       14.54252
  932      331.51215       20.14169
  933      331.33857       16.45985
  934      328.30127       22.12366
  935        0.00000        6.41575
  936        3.30951        0.00000
  937        0.00000        3.00927
  938        0.00000        0.00000
  939      340.14549        3.87507
  940      343.59454        0.00000
  941      325.00000       30.72871
  942      325.00000       27.28149
  943      325.00000       23.83877
  944      336.38553        3.96981
  945      334.50652        5.51464
  946      332.90322        7.55826
  947      331.23089       12.98309
  948      331.03688        9.89504
  949      328.21314       18.45250
  950      328.04091       14.52870
  951      325.00000       20.40972
  952      337.52948        1.86294
  953      338.88044        0.00000
  954      333.76440        3.20995
  955      335.34953        1.46980
  956      332.48566        4.96256
  957      330.75502        5.77644
  958      330.42701        7.66578
  959      328.75409       11.26025
  960      328.77927        8.71991
  961      325.00000       16.99903
  962      325.00000       13.60933
  963      326.70813       11.83387
  964      336.88642        0.00000
  965      331.86008        3.33893
  966      332.31878        1.96644
  967      333.44634        1.24619
  968      334.04455        0.00000
  969      335.38645        0.00000
  970      331.14481        4.37884
  971      329.46319        5.01511
  972      330.23126        4.48313
  973      328.66067        6.37923
  974      326.74565        9.52883
  975      327.07156        7.58878
  976      325.00000       10.24224
  977      331.05472        2.18871
  978      330.42911        3.34320
  979      331.40317        0.98616
  980      332.39259        0.83750
  981      332.81340        0.00000
  982      329.38804        3.91278
  983      328.29159        4.52914
  984      327.15971        6.35980
  985      327.34756        5.37215
  986      325.00000        8.83617
  987      325.92920        8.20476
  988      325.84622        7.26302
  989      326.41596        6.68271
  990      330.38832        1.32385
  991      329.94174        2.19592
  992      329.42550        2.93431
  993      331.09991        0.00000
  994      331.98981        0.00000
  995      330.57951        0.59156
  996      328.50987        3.18844
  997      327.49277        3.50517
  998      327.21824        4.39672
  999      326.31937        5.79027
 1000      326.45495        4.79396
 1001      325.00000        7.80282
 1002      325.00000        6.89878
 1003      325.68292        6.41167
 1004      329.49815        1.33868
 1005      329.83826        0.64777
 1006      328.85954        2.05305
 1007      330.16787        0.00000
 1008      327.58749        2.25516
 1009      326.84598        2.96620
 1010      326.51216        3.80019
 1011      325.53244        5.78547
 1012      325.66440        5.16312
 1013      325.69011        4.31389
 1014      325.00000        6.08899
 1015      329.10605        0.62999
 1016      328.83579        1.18282
 1017      329.26133        0.00000
 1018      328.18716        1.28873
 1019      326.56731        2.30686
 1020      326.84801        1.66259
 1021      327.37247        1.08547
 1022      326.06727        3.01289
 1023      325.82198        3.64345
 1024      325.00000        5.48903
 1025      325.00000        4.85353
 1026      325.00000        4.19997
 1027      325.39159        3.80569
 1028      328.50165        0.60994
 1029      328.66945        0.00000
 1030      327.93984        0.56484
 1031      326.22152        1.70393
 1032      325.82230        2.27562
 1033      326.49124        0.96153
 1034      327.03535        0.46935
 1035      327.50458        0.42134
 1036      325.45451        3.31482
 1037      325.44666        2.78310
 1038      325.00000        3.57959
 1039      328.25070        0.00000
 1040      327.81302        0.00000
 1041      325.85042        1.28779
 1042      325.73469        1.75889
 1043      325.33172        2.38520
 1044      325.38276        1.99257
 1045      325.83332        0.74735
 1046      326.16060        0.39712
 1047      326.59518        0.36293
 1048      326.88398        0.00000
 1049      327.35696        0.00000
 1050      325.00000        3.07325
 1051      325.00000        2.65538
 1052      325.39646        1.53452
 1053      325.40386        1.04778
 1054      325.00000        2.22674
 1055      325.00000        1.78800
 1056      325.34297        0.48944
 1057      325.73407        0.32424
 1058      325.90444        0.00000
 1059      326.39741        0.00000
 1060      325.00000        1.34051
 1061      325.00000        0.88708
 1062      325.00000        0.00000
 1063      325.42219        0.00000
 1064      325.00000        0.43412
    1  479  431  475    1
    2  518  479  475    1
    3  654  612  613    1
    4  612  593  571    1
    5  612  571  613    1
    6  571  593  556    1
    7  571  556  534    1
    8  556  593  594    1
    9  571  534  572    1
   10  534  556  519    1
   11  534  519  494    1
   12  519  556  557    1
   13  534  494  535    1
   14  494  519  476    1
   15  558  559  519    1
   16  494  476  449    1
   17  493  533  494    1
   18  449  476  429    1
   19  402  449  429    1
   20  429  476  477    1
   21  613  571  572    1
   22  535  572  534    1
   23  654  613  614    1
   24  614  613  572    1
   25  615  573  610    1
   26  569  610  573    1
   27  572  615  614    1
   28  573  535  569    1
   29  610  569  611    1
   30  531  532  569    1
   31  570  611  569    1
   32  703  670  667    1
   33  703  667  666    1
   34  747  746  705    1
   35  706  747  705    1
   36  704  703  666    1
   37  705  746  704    1
   38  666  705  704    1
   39  595  557  556    1
   40  555  525  518    1
   41  477  476  520    1
   42  596  640  599    1
   43  204  171  172    1
   44  642  597  639    1
   45  682  647  646    1
   46  685  687  651    1
   47  596  599  558    1
   48  478  524  518    1
   49  521  477  520    1
   50  687  685  723    1
   51  639  597  595    1
   52  596  558  557    1
   53  519  559  520    1
   54  639  595  594    1
   55  682  646  648    1
   56  558  599  559    1
   57  685  651  650    1
   58  519  557  558    1
   59  595  597  557    1
   60  560  561  522    1
   61  768  725  766    1
   62  556  594  595    1
   63  649  650  605    1
   64  648  646  602    1
   65  720  724  721    1
   66  561  560  600    1
   67  560  522  521    1
   68  523  524  478    1
   69  644  600  599    1
   70  560  521  559    1
   71  141  118  113    1
   72  602  646  601    1
   73  599  600  560    1
   74  521  522  477    1
   75  649  605  604    1
   76  560  559  599    1
   77  720  721  682    1
   78  520  559  521    1
   79  520  476  519    1
   80  682  648  684    1
   81  605  650  651    1
   82  447  448  401    1
   83  805  806  768    1
   84  601  603  563    1
   85  401  448  402    1
   86  646  647  601    1
   87  215  257  255    1
   88  605  606  565    1
   89  561  601  562    1
   90  824  825  794    1
   91  647  603  601    1
   92  601  563  562    1
   93  146  178  179    1
   94  602  601  561    1
   95  562  563  524    1
   96  721  724  686    1
   97  603  649  604    1
   98  603  564  563    1
   99  561  562  522    1
  100  938  936  919    1
  101  603  604  564    1
  102  563  564  555    1
  103  522  562  523    1
  104  679  717  680    1
  105  563  555  524    1
  106  178  214  179    1
  107  522  523  477    1
  108  564  604  565    1
  109  555  564  525    1
  110  523  562  524    1
  111  683  686  650    1
  112  565  604  605    1
  113  518  524  555    1
  114  478  477  523    1
  115  181  217  180    1
  116  824  794  793    1
  117  606  605  651    1
  118  301  350  351    1
  119  564  565  525    1
  120  919  936  916    1
  121  825  826  794    1
  122  301  351  302    1
  123  724  723  686    1
  124  301  302  256    1
  125  824  793  798    1
  126  535  573  572    1
  127  167  181  148    1
  128  289  256  302    1
  129  573  615  572    1
  130  761  719  718    1
  131  851  880  852    1
  132  686  723  685    1
  133  760  759  798    1
  134  489  529  488    1
  135  488  529  490    1
  136  797  761  758    1
  137  350  398  399    1
  138  793  794  756    1
  139  491  490  531    1
  140  721  686  683    1
  141  351  350  399    1
  142  492  491  531    1
  143  717  759  715    1
  144  827  797  796    1
  145  446  400  399    1
  146  486  487  444    1
  147  685  650  686    1
  148  398  445  446    1
  149  486  444  443    1
  150  713  676  678    1
  151  495  450  452    1
  152  399  398  446    1
  153  916  917  888    1
  154  826  827  795    1
  155  683  647  682    1
  156  446  445  488    1
  157  444  487  445    1
  158  495  452  496    1
  159  495  496  536    1
  160  756  713  716    1
  161  682  721  683    1
  162  443  444  396    1
  163  445  489  488    1
  164  826  795  794    1
  165  537  536  496    1
  166  889  916  888    1
  167  647  683  649    1
  168  529  489  530    1
  169  717  715  680    1
  170  450  486  443    1
  171  496  452  497    1
  172  529  530  567    1
  173  794  795  756    1
  174  496  497  538    1
  175  398  350  396    1
  176  568  567  530    1
  177  496  538  537    1
  178  680  715  678    1
  179  888  917  915    1
  180  445  398  444    1
  181  538  497  539    1
  182  650  649  683    1
  183  567  568  608    1
  184  795  827  796    1
  185  398  396  444    1
  186  567  608  570    1
  187  684  720  682    1
  188  649  603  647    1
  189  715  759  760    1
  190  935  918  914    1
  191  450  495  486    1
  192  115  112  140    1
  193  795  796  756    1
  194  722  764  763    1
  195  495  536  527    1
  196  715  760  716    1
  197  796  797  758    1
  198  486  495  527    1
  199  404  405  355    1
  200  278  322  323    1
  201  835  806  831    1
  202  796  758  757    1
  203  716  760  756    1
  204  404  355  354    1
  205  758  761  718    1
  206  617  652  607    1
  207  715  716  678    1
  208  607  652  609    1
  209  888  915  887    1
  210  404  354  369    1
  211  714  757  758    1
  212  568  607  609    1
  213  880  909  881    1
  214  353  403  397    1
  215  678  716  713    1
  216  714  676  713    1
  217  354  355  305    1
  218  353  397  349    1
  219   88   90  112    1
  220  405  404  451    1
  221  798  793  760    1
  222  888  887  860    1
  223  757  713  756    1
  224  354  305  304    1
  225  935  914  913    1
  226  760  793  756    1
  227  718  719  681    1
  228  405  451  452    1
  229  679  680  643    1
  230  305  355  353    1
  231  887  915  890    1
  232  796  757  756    1
  233  678  641  643    1
  234  719  684  681    1
  235  914  918  889    1
  236  675  679  643    1
  237  353  349  303    1
  238  355  405  403    1
  239  678  676  641    1
  240  718  681  714    1
  241  451  404  419    1
  242  643  680  678    1
  243  758  718  714    1
  244  676  640  641    1
  245  349  397  395    1
  246  862  835  858    1
  247  714  681  677    1
  248  367  369  324    1
  249  714  677  676    1
  250  913  914  885    1
  251  349  395  348    1
  252  713  757  714    1
  253  369  367  415    1
  254  640  676  677    1
  255  369  354  324    1
  256  889  888  860    1
  257  300  348  299    1
  258  272  273  233    1
  259  404  369  419    1
  260  909  910  882    1
  261  304  305  258    1
  262  890  862  861    1
  263  303  349  300    1
  264  913  885  912    1
  265  300  349  348    1
  266  618  656  655    1
  267  890  861  887    1
  268  303  258  305    1
  269  616  575  618    1
  270  419  415  462    1
  271  618  655  616    1
  272  576  575  538    1
  273  574  575  616    1
  274  319  321  277    1
  275  885  914  886    1
  276  861  862  858    1
  277  547  584  585    1
  278  585  584  627    1
  279  656  633  632    1
  280  585  627  586    1
  281  587  586  630    1
  282  628  627  584    1
  283  632  633  587    1
  284  276  319  275    1
  285  630  634  587    1
  286  861  858  834    1
  287  632  587  634    1
  288  910  911  883    1
  289  547  585  548    1
  290  508  547  548    1
  291  801  763  764    1
  292  509  548  549    1
  293  416  368  417    1
  294  502  544  543    1
  295  548  585  549    1
  296  765  764  722    1
  297  509  549  539    1
  298  668  707  669    1
  299  416  417  464    1
  300  858  835  831    1
  301  549  585  586    1
  302  668  669  629    1
  303  468  462  506    1
  304  466  507  464    1
  305  550  512  552    1
  306  706  666  669    1
  307  669  666  629    1
  308  457  502  501    1
  309  628  629  666    1
  310  417  368  418    1
  311  832  834  858    1
  312  550  552  589    1
  313  450  405  452    1
  314  731  732  748    1
  315  418  467  465    1
  316  911  912  884    1
  317  550  589  590    1
  318  749  731  748    1
  319  418  465  417    1
  320  708  748  732    1
  321  635  626  590    1
  322  765  803  804    1
  323  707  748  708    1
  324  465  467  510    1
  325  545  553  513    1
  326  589  552  591    1
  327  669  707  708    1
  328  467  512  510    1
  329  589  591  635    1
  330  706  708  732    1
  331  911  884  883    1
  332  590  589  635    1
  333  584  629  628    1
  334  732  747  706    1
  335  465  510  511    1
  336  831  806  805    1
  337  635  591  636    1
  338  631  627  628    1
  339  708  706  669    1
  340  465  511  466    1
  341  635  636  665    1
  342  635  665  626    1
  343  511  510  546    1
  344  626  665  629    1
  345  511  546  507    1
  346  861  834  859    1
  347  740  742  778    1
  348  883  884  855    1
  349  581  582  624    1
  350  582  625  624    1
  351  586  627  631    1
  352  738  739  697    1
  353  503  513  505    1
  354  861  859  887    1
  355  630  586  631    1
  356  738  697  740    1
  357  466  511  507    1
  358  553  580  592    1
  359  200  236  235    1
  360  697  739  698    1
  361  884  912  885    1
  362  512  550  510    1
  363  697  698  661    1
  364  580  578  621    1
  365  702  745  712    1
  366  693  694  659    1
  367  887  859  860    1
  368  510  550  551    1
  369  778  738  740    1
  370  510  551  546    1
  371  579  581  623    1
  372  625  664  663    1
  373  742  740  699    1
  374  733  693  695    1
  375  859  834  833    1
  376  699  740  697    1
  377  885  886  856    1
  378  739  741  698    1
  379  733  695  698    1
  380  625  663  624    1
  381  699  697  661    1
  382  579  623  622    1
  383  803  833  834    1
  384  698  695  661    1
  385  743  742  699    1
  386  546  551  583    1
  387  624  663  662    1
  388  744  743  699    1
  389  699  661  700    1
  390  623  581  624    1
  391  695  693  659    1
  392  699  700  744    1
  393  663  664  701    1
  394  695  659  661    1
  395  886  914  889    1
  396  741  733  698    1
  397  455  459  413    1
  398  839  811  809    1
  399  664  702  701    1
  400  840  864  869    1
  401  623  624  662    1
  402  689  727  728    1
  403  701  702  712    1
  404  831  805  802    1
  405  869  864  893    1
  406  578  579  622    1
  407  689  728  729    1
  408  808  837  809    1
  409  584  583  626    1
  410  837  864  840    1
  411  837  840  809    1
  412  729  690  689    1
  413  701  712  674    1
  414  869  839  840    1
  415  578  622  621    1
  416  840  839  809    1
  417  663  701  662    1
  418  910  883  882    1
  419  694  693  734    1
  420  408  455  411    1
  421  712  745  750    1
  422  621  622  637    1
  423  693  733  735    1
  424  709  674  712    1
  425  897  898  868    1
  426  584  626  629    1
  427  622  623  662    1
  428  693  735  734    1
  429  638  662  674    1
  430  768  766  805    1
  431  735  733  772    1
  432  362  410  409    1
  433  863  870  841    1
  434  733  741  772    1
  435  805  766  802    1
  436  734  735  773    1
  437  735  772  775    1
  438  775  808  773    1
  439  863  841  836    1
  440  775  773  735    1
  441  701  674  662    1
  442  313  314  361    1
  443  638  674  671    1
  444  882  883  854    1
  445  660  696  688    1
  446  841  870  867    1
  447  696  726  688    1
  448  638  671  636    1
  449  360  361  357    1
  450  688  726  689    1
  451  672  636  671    1
  452  660  688  657    1
  453  657  688  689    1
  454  709  671  674    1
  455  870  897  867    1
  456  859  833  860    1
  457  726  727  689    1
  458  690  657  689    1
  459  637  662  638    1
  460  361  314  362    1
  461  867  897  868    1
  462  317  358  363    1
  463  691  658  692    1
  464  692  690  730    1
  465  692  658  690    1
  466  885  856  884    1
  467  867  868  838    1
  468  694  734  736    1
  469  736  734  774    1
  470  588  619  577    1
  471  736  774  776    1
  472  841  867  838    1
  473  900  924  922    1
  474  774  734  773    1
  475  357  361  406    1
  476  766  725  723    1
  477  317  363  320    1
  478  849  863  836    1
  479  774  773  809    1
  480  776  774  809    1
  481  836  841  810    1
  482  856  886  857    1
  483  363  358  408    1
  484  810  841  838    1
  485  811  776  809    1
  486  730  771  747    1
  487  362  409  361    1
  488  359  408  358    1
  489  831  802  832    1
  490  746  747  771    1
  491  726  696  737    1
  492  849  836  820    1
  493  722  762  765    1
  494  726  737  769    1
  495  836  810  807    1
  496  858  831  832    1
  497  769  737  777    1
  498  783  820  807    1
  499  836  807  820    1
  500  737  696  736    1
  501  807  810  775    1
  502  577  619  575    1
  503  909  882  881    1
  504  539  577  576    1
  505  807  775  772    1
  506  736  776  737    1
  507  576  577  575    1
  508  901  925  902    1
  509  772  783  807    1
  510  357  406  407    1
  511  952  953  939    1
  512  727  726  769    1
  513  834  832  804    1
  514  923  924  899    1
  515  776  811  777    1
  516  776  777  737    1
  517  881  882  854    1
  518  804  832  802    1
  519  877  905  891    1
  520  876  850  848    1
  521  884  856  855    1
  522  725  687  723    1
  523  855  856  830    1
  524  357  407  359    1
  525  782  817  819    1
  526  940  923  921    1
  527  834  804  803    1
  528  766  723  767    1
  529  872  901  902    1
  530  766  767  802    1
  531  620  657  658    1
  532  883  855  854    1
  533  767  723  724    1
  534  944  939  929    1
  535  872  902  873    1
  536  767  724  763    1
  537  765  804  801    1
  538  829  854  855    1
  539  872  873  844    1
  540  866  896  894    1
  541  939  953  940    1
  542  764  765  801    1
  543  856  857  830    1
  544  763  801  802    1
  545  895  896  865    1
  546  873  902  875    1
  547  939  940  921    1
  548  801  804  802    1
  549  875  876  847    1
  550  802  767  763    1
  551  830  857  833    1
  552  865  896  866    1
  553  722  763  720    1
  554  407  406  453    1
  555  720  763  724    1
  556  844  873  845    1
  557  939  921  920    1
  558  961  962  950    1
  559  684  722  720    1
  560  643  641  598    1
  561  844  845  817    1
  562  865  866  837    1
  563  833  857  860    1
  564  945  944  929    1
  565  642  643  598    1
  566  598  641  596    1
  567  845  873  847    1
  568  597  598  557    1
  569  860  857  886    1
  570  929  939  920    1
  571  461  458  460    1
  572  845  847  819    1
  573  838  865  837    1
  574  675  643  642    1
  575  639  675  642    1
  576  929  920  905    1
  577  880  881  852    1
  578  951  961  949    1
  579  875  847  873    1
  580  598  597  642    1
  581  641  640  596    1
  582  847  876  848    1
  583  598  596  557    1
  584  905  930  929    1
  585  847  848  819    1
  586  852  881  853    1
  587  677  681  645    1
  588  848  850  820    1
  589  677  645  644    1
  590  929  930  946    1
  591  848  820  819    1
  592  645  681  648    1
  593  803  765  800    1
  594  817  845  819    1
  595  677  644  640    1
  596  412  458  414    1
  597  921  923  899    1
  598  782  819  783    1
  599  644  645  600    1
  600  783  819  820    1
  601  892  920  921    1
  602  851  852  826    1
  603  951  949  934    1
  604  599  640  644    1
  605  681  684  648    1
  606  645  648  602    1
  607  412  414  366    1
  608  645  602  600    1
  609  825  851  826    1
  610  602  561  600    1
  611  899  900  870    1
  612  535  494  533    1
  613  949  961  950    1
  614  860  886  889    1
  615  454  500  498    1
  616  833  803  830    1
  617  877  891  863    1
  618  826  852  827    1
  619  949  950  933    1
  620  414  458  461    1
  621  891  905  920    1
  622  891  920  892    1
  623  852  853  827    1
  624  891  892  863    1
  625  921  899  892    1
  626  853  881  854    1
  627  892  899  870    1
  628  870  863  892    1
  629  849  877  863    1
  630  828  797  827    1
  631  719  761  762    1
  632  963  959  950    1
  633  463  507  508    1
  634  761  797  799    1
  635  817  782  781    1
  636  463  508  509    1
  637  803  800  830    1
  638  548  509  508    1
  639  454  498  453    1
  640  901  872  874    1
  641  800  765  762    1
  642  950  959  947    1
  643  462  415  463    1
  644  813  814  779    1
  645  498  500  540    1
  646  800  762  799    1
  647  799  762  761    1
  648  874  872  846    1
  649  453  498  499    1
  650  943  951  934    1
  651  800  799  829    1
  652  874  846  871    1
  653  800  829  830    1
  654  846  872  844    1
  655  829  799  828    1
  656  943  934  928    1
  657  829  828  853    1
  658  814  842  815    1
  659  827  853  828    1
  660  541  504  498    1
  661  844  817  818    1
  662  797  828  799    1
  663  925  941  926    1
  664  722  719  762    1
  665  504  499  498    1
  666  719  722  684    1
  667  842  871  843    1
  668  829  853  854    1
  669  855  830  829    1
  670  925  926  902    1
  671  842  843  815    1
  672  540  500  542    1
  673  843  871  846    1
  674  903  875  902    1
  675  815  843  816    1
  676  846  844  818    1
  677  926  941  927    1
  678  541  580  545    1
  679  814  815  779    1
  680  578  580  541    1
  681  942  943  928    1
  682  818  817  781    1
  683  942  928  927    1
  684  818  781  816    1
  685  780  816  781    1
  686  927  928  904    1
  687  818  816  843    1
  688  578  541  540    1
  689  818  843  846    1
  690  498  540  541    1
  691  545  504  541    1
  692  815  816  780    1
  693  779  815  780    1
  694  941  942  927    1
  695  926  927  903    1
  696  928  934  908    1
  697  934  949  932    1
  698  902  926  903    1
  699  875  903  904    1
  700  904  903  927    1
  701  904  928  908    1
  702  904  908  879    1
  703  908  934  932    1
  704  932  949  933    1
  705  932  933  907    1
  706  908  932  906    1
  707  933  950  947    1
  708  931  907  933    1
  709  947  959  948    1
  710  947  948  930    1
  711  876  875  904    1
  712  879  908  906    1
  713  878  850  879    1
  714  906  932  907    1
  715  906  907  878    1
  716  947  930  931    1
  717  933  947  931    1
  718  879  906  878    1
  719  850  878  849    1
  720  382  381  430    1
  721  430  381  431    1
  722  334  381  382    1
  723  377  334  382    1
  724  430  425  382    1
  725  381  334  379    1
  726  381  379  428    1
  727  427  428  379    1
  728  381  428  431    1
  729  331  378  379    1
  730  285  284  331    1
  731  379  334  331    1
  732  333  378  331    1
  733  243  284  285    1
  734  286  243  285    1
  735  331  334  285    1
  736  336  288  330    1
  737  376  330  377    1
  738  376  377  425    1
  739  377  330  334    1
  740  382  425  377    1
  741  338  335  383    1
  742  338  383  385    1
  743  383  335  336    1
  744  386  384  433    1
  745  433  384  385    1
  746  433  385  432    1
  747  432  385  383    1
  748  385  384  338    1
  749  383  336  376    1
  750  330  376  336    1
  751  288  336  335    1
  752  426  432  383    1
  753  383  376  426    1
  754  426  376  425    1
  755  291  248  290    1
  756  386  339  384    1
  757  384  339  337    1
  758  384  337  338    1
  759  337  339  291    1
  760  337  291  290    1
  761  337  290  338    1
  762  290  248  247    1
  763  335  338  290    1
  764  248  210  247    1
  765  247  287  290    1
  766  287  288  335    1
  767  287  335  290    1
  768  379  378  427    1
  769  428  427  475    1
  770  429  475  427    1
  771  431  428  475    1
  772  771  770  746    1
  773  143  170  173    1
  774  174  144  173    1
  775  206  207  173    1
  776  210  175  209    1
  777  209  175  174    1
  778  209  174  207    1
  779  174  175  144    1
  780  173  207  174    1
  781  205  204  172    1
  782  210  211  175    1
  783  175  211  176    1
  784  175  176  144    1
  785  176  211  177    1
  786  145  144  176    1
  787  479  518  525    1
  788  239  279  238    1
  789  239  238  205    1
  790  238  204  205    1
  791  296  252  294    1
  792  294  252  251    1
  793  249  250  211    1
  794  294  251  250    1
  795  250  251  211    1
  796  251  252  212    1
  797  251  212  211    1
  798  210  249  211    1
  799  212  177  211    1
  800  247  210  209    1
  801  287  247  245    1
  802  287  245  244    1
  803  244  245  207    1
  804  245  247  209    1
  805  245  209  207    1
  806  288  287  244    1
  807  280  279  239    1
  808  280  239  240    1
  809  239  205  240    1
  810  213  240  205    1
  811  213  205  177    1
  812  171  142  172    1
  813  205  172  177    1
  814  477  478  429    1
  815  114  143  144    1
  816  515  554  514    1
  817  470  514  469    1
  818  370  325  326    1
  819  281  327  326    1
  820  371  326  327    1
  821  420  370  371    1
  822  469  420  421    1
  823  469  421  470    1
  824  372  421  420    1
  825  420  371  372    1
  826  327  372  371    1
  827  326  371  370    1
  828  281  326  280    1
  829  326  325  280    1
  830  325  279  280    1
  831  240  281  280    1
  832  478  518  475    1
  833  478  475  429    1
  834  145  142  114    1
  835   92   93  118    1
  836  401  402  352    1
  837  142  145  172    1
  838  402  448  449    1
  839  380  352  402    1
  840  172  145  177    1
  841  214  178  215    1
  842  145  114  144    1
  843   11   12    3    1
  844   11    3    8    1
  845    3   12    5    1
  846   11    8   18    1
  847    8    3    2    1
  848   18    8   19    1
  849   18   19   34    1
  850   19    8    9    1
  851   19    9   20    1
  852    9    8    2    1
  853    9    2   10    1
  854    2    3    1    1
  855    2    1    4    1
  856   73   53   57    1
  857   57   53   37    1
  858   57   37   39    1
  859   37   53   34    1
  860   37   34   19    1
  861   19   20   37    1
  862   20    9   21    1
  863   15    5   12    1
  864    4   13   10    1
  865    4   10    2    1
  866   20   21   38    1
  867   38   21   22    1
  868   21    9   10    1
  869   21   10   22    1
  870    3    5    1    1
  871   37   20   39    1
  872   39   20   38    1
  873   10   13   22    1
  874   13   26   22    1
  875  173  144  143    1
  876  176  177  145    1
  877  255  214  215    1
  878  214  255  256    1
  879    5   15   16    1
  880   13    4   14    1
  881    4    1    6    1
  882    1    5    7    1
  883    1    7    6    1
  884    7    5   16    1
  885    7   16   17    1
  886    6    7   17    1
  887    4    6   14    1
  888   14    6   17    1
  889   27   13   14    1
  890   28   14   17    1
  891   26   13   27    1
  892   44   26   27    1
  893   14   28   27    1
  894   17   32   28    1
  895  146  179  169    1
  896  140  146  169    1
  897  203  170  169    1
  898  203  208  173    1
  899  216  179  214    1
  900  380  429  427    1
  901  241  207  206    1
  902  242  243  206    1
  903  173  208  206    1
  904  283  288  244    1
  905  283  244  241    1
  906  283  241  243    1
  907  241  244  207    1
  908  206  243  241    1
  909  302  351  352    1
  910   27   28   44    1
  911   44   28   45    1
  912   44   45   62    1
  913   45   28   32    1
  914   52   62   45    1
  915  535  533  569    1
  916  288  283  330    1
  917  330  283  286    1
  918  330  286  334    1
  919  286  283  243    1
  920  285  334  286    1
  921  919  916  889    1
  922  490  491  447    1
  923  284  243  242    1
  924  246  284  242    1
  925  206  208  242    1
  926   74   75   54    1
  927   74   54   53    1
  928   54   75   55    1
  929  128  157  130    1
  930   75   76   55    1
  931   55   76   77    1
  932   55   77   56    1
  933   77   76   99    1
  934   77   99   78    1
  935   77   78   58    1
  936   78   99  101    1
  937   77   58   56    1
  938   56   58   40    1
  939   58   78   79    1
  940   58   79   59    1
  941   79   78  102    1
  942   79  102  103    1
  943   79  103   80    1
  944  102   78  101    1
  945  102  101  128    1
  946   55   56   35    1
  947   54   55   35    1
  948   53   54   34    1
  949   54   35   34    1
  950   34   35   18    1
  951  102  128  130    1
  952   58   59   40    1
  953   40   59   41    1
  954   59   79   80    1
  955   59   80   60    1
  956   42   25   24    1
  957   35   56   36    1
  958   56   40   36    1
  959   36   40   23    1
  960  102  130  103    1
  961   35   36   18    1
  962   60   42   41    1
  963   60   41   59    1
  964   40   41   23    1
  965   23   41   24    1
  966   23   24   11    1
  967   73   74   53    1
  968   36   23   18    1
  969   41   42   24    1
  970   24   25   12    1
  971   24   12   11    1
  972   23   11   18    1
  973   25   15   12    1
  974  491  492  447    1
  975   15   29   16    1
  976   16   29   31    1
  977   17   16   31    1
  978   31   48   33    1
  979   31   33   17    1
  980   17   33   32    1
  981   33   48   51    1
  982   32   33   51    1
  983  488  490  447    1
  984  490  529  532    1
  985  917  916  936    1
  986  919  937  938    1
  987  490  532  531    1
  988   25   42   43    1
  989  130  157  160    1
  990  131  130  160    1
  991  161  132  160    1
  992   42   60   61    1
  993   60   80   81    1
  994   60   81   61    1
  995   81   80  104    1
  996   61   81   64    1
  997   80  103  104    1
  998  104  103  131    1
  999  103  130  131    1
 1000  160  132  131    1
 1001  131  132  108    1
 1002   42   61   43    1
 1003   47   43   61    1
 1004   25   43   30    1
 1005   30   43   47    1
 1006  104  131  108    1
 1007   81  104   84    1
 1008   15   25   30    1
 1009  108  132  105    1
 1010  108  105   84    1
 1011   81   84   64    1
 1012   64   84   82    1
 1013   84  104  108    1
 1014   82   84  105    1
 1015   63   47   64    1
 1016  105  106   82    1
 1017   82  106   83    1
 1018   64   82   63    1
 1019   63   82   83    1
 1020   61   64   47    1
 1021  533  531  569    1
 1022   71   72   92    1
 1023   29   15   30    1
 1024   47   63   49    1
 1025   30   47   46    1
 1026   30   46   29    1
 1027   46   47   49    1
 1028   46   49   31    1
 1029   50   48   31    1
 1030   31   29   46    1
 1031   49   63   66    1
 1032   49   66   50    1
 1033   63   83   66    1
 1034   31   49   50    1
 1035   65   51   48    1
 1036  919  918  937    1
 1037   45   32   52    1
 1038  400  446  447    1
 1039  446  488  447    1
 1040  106  105  133    1
 1041  157  162  161    1
 1042  160  157  161    1
 1043  132  161  134    1
 1044  161  162  134    1
 1045  132  134  105    1
 1046  105  134  133    1
 1047  163  164  135    1
 1048  134  162  163    1
 1049  106  133  107    1
 1050  135  136  107    1
 1051  133  134  135    1
 1052  107  133  135    1
 1053  136  135  164    1
 1054  163  135  134    1
 1055   83  106  107    1
 1056  136  164  165    1
 1057   62   52   71    1
 1058  918  935  937    1
 1059  529  567  532    1
 1060  137  166  167    1
 1061   52   32   51    1
 1062  487  489  445    1
 1063  567  570  532    1
 1064  140  116  146    1
 1065  570  608  611    1
 1066   75   74   97    1
 1067   75   97   98    1
 1068   97   74   94    1
 1069   97   94  119    1
 1070  124   98   97    1
 1071   94   74   73    1
 1072  157  128  158    1
 1073   76   75   98    1
 1074   76   98  100    1
 1075   99   76  100    1
 1076   99  100  126    1
 1077   99  126  101    1
 1078  101  126  129    1
 1079  101  129  128    1
 1080  129  126  155    1
 1081  128  129  158    1
 1082  158  129  159    1
 1083  126  100  127    1
 1084  100   98  125    1
 1085  129  155  159    1
 1086  156  189  159    1
 1087  155  126  127    1
 1088  155  127  156    1
 1089  127  100  125    1
 1090  127  125  154    1
 1091  125   98  124    1
 1092  125  124  149    1
 1093  149  124  119    1
 1094   97  119  124    1
 1095  159  155  156    1
 1096  188  227  189    1
 1097  156  127  154    1
 1098  156  154  188    1
 1099  154  125  149    1
 1100  182  219  188    1
 1101  149  182  154    1
 1102  188  219  227    1
 1103  189  156  188    1
 1104  188  154  182    1
 1105  219  260  227    1
 1106  532  570  569    1
 1107  252  296  297    1
 1108  297  254  253    1
 1109  297  253  252    1
 1110  253  254  213    1
 1111  252  253  212    1
 1112  254  240  213    1
 1113  212  253  213    1
 1114  212  213  177    1
 1115  344  346  297    1
 1116  514  470  515    1
 1117  515  470  471    1
 1118  346  347  298    1
 1119  347  374  328    1
 1120  374  375  329    1
 1121  375  422  373    1
 1122  375  373  329    1
 1123  373  422  421    1
 1124  329  373  327    1
 1125  374  329  328    1
 1126  328  329  281    1
 1127  422  471  421    1
 1128  421  471  470    1
 1129  327  281  329    1
 1130  347  328  298    1
 1131  298  328  282    1
 1132  344  297  296    1
 1133  346  298  297    1
 1134  372  327  373    1
 1135  372  373  421    1
 1136  298  282  254    1
 1137  282  328  281    1
 1138  282  281  240    1
 1139  282  240  254    1
 1140  254  297  298    1
 1141   93   92   72    1
 1142  138  165  168    1
 1143  138  168  139    1
 1144  198  166  168    1
 1145  138  139  111    1
 1146  139  168  166    1
 1147  137  111  139    1
 1148  486  527  487    1
 1149  342  296  294    1
 1150  387  388  339    1
 1151  388  389  340    1
 1152  389  343  341    1
 1153  389  341  340    1
 1154  340  341  292    1
 1155  341  343  295    1
 1156  343  342  295    1
 1157  295  342  294    1
 1158  387  339  386    1
 1159  341  295  293    1
 1160  388  340  339    1
 1161  250  249  293    1
 1162  295  294  250    1
 1163  341  293  292    1
 1164  292  293  248    1
 1165  293  295  250    1
 1166  292  248  291    1
 1167  292  291  340    1
 1168  340  291  339    1
 1169  248  293  249    1
 1170  249  210  248    1
 1171  918  919  889    1
 1172  487  527  528    1
 1173  346  344  392    1
 1174  554  515  516    1
 1175  516  515  471    1
 1176  347  346  393    1
 1177  374  347  394    1
 1178  375  374  423    1
 1179  422  375  424    1
 1180  422  424  472    1
 1181  424  375  423    1
 1182  422  472  471    1
 1183  474  517  472    1
 1184  472  517  516    1
 1185  424  423  473    1
 1186  423  374  394    1
 1187  423  394  442    1
 1188  471  472  516    1
 1189  387  434  435    1
 1190  394  347  393    1
 1191  394  393  441    1
 1192  424  473  474    1
 1193  474  473  485    1
 1194  473  423  442    1
 1195  473  442  485    1
 1196  436  388  435    1
 1197  393  346  392    1
 1198  393  392  438    1
 1199  442  394  441    1
 1200  442  441  484    1
 1201  392  344  345    1
 1202  441  393  438    1
 1203  482  484  441    1
 1204  480  481  437    1
 1205  392  345  390    1
 1206  345  344  296    1
 1207  345  296  342    1
 1208  345  342  390    1
 1209  438  392  390    1
 1210  438  390  439    1
 1211  442  484  485    1
 1212  485  484  526    1
 1213  526  484  482    1
 1214  481  483  440    1
 1215  438  439  482    1
 1216  440  483  482    1
 1217  441  438  482    1
 1218  439  390  391    1
 1219  483  526  482    1
 1220  440  439  391    1
 1221  343  391  390    1
 1222  435  388  387    1
 1223  434  387  386    1
 1224  436  437  389    1
 1225  472  424  474    1
 1226  437  391  389    1
 1227  481  440  437    1
 1228  391  437  440    1
 1229  482  439  440    1
 1230  343  389  391    1
 1231  390  342  343    1
 1232  480  437  436    1
 1233  435  480  436    1
 1234  389  388  436    1
 1235  527  536  528    1
 1236   93   72   89    1
 1237   83  107   86    1
 1238  107  136  110    1
 1239  107  110   86    1
 1240   86  110  111    1
 1241  110  136  138    1
 1242  110  138  111    1
 1243  136  165  138    1
 1244  489  487  528    1
 1245  528  536  537    1
 1246  190  157  158    1
 1247  190  158  191    1
 1248  190  191  193    1
 1249  192  229  193    1
 1250  191  158  159    1
 1251  189  227  228    1
 1252  189  228  192    1
 1253  228  227  269    1
 1254  159  189  192    1
 1255  159  192  191    1
 1256  193  191  192    1
 1257  228  269  270    1
 1258  192  228  230    1
 1259  260  269  227    1
 1260  192  230  229    1
 1261  229  230  232    1
 1262  230  228  270    1
 1263  230  270  232    1
 1264   72   71   52    1
 1265  139  166  137    1
 1266  157  190  162    1
 1267  162  190  193    1
 1268  193  229  194    1
 1269  164  163  194    1
 1270  194  163  162    1
 1271  193  194  162    1
 1272  194  229  231    1
 1273  194  231  195    1
 1274  196  195  231    1
 1275  232  231  229    1
 1276  164  194  195    1
 1277  164  195  165    1
 1278  109  111  137    1
 1279  397  403  443    1
 1280   93  113  118    1
 1281  269  260  306    1
 1282  270  269  306    1
 1283  232  270  271    1
 1284  233  232  271    1
 1285  271  270  306    1
 1286  271  306  274    1
 1287  395  397  443    1
 1288  137  167  148    1
 1289  113   93   89    1
 1290  271  274  233    1
 1291  196  232  233    1
 1292  273  234  233    1
 1293  137  148  117    1
 1294   68   51   69    1
 1295   88   68   69    1
 1296   70   90   69    1
 1297  399  400  351    1
 1298  112   90  116    1
 1299  231  232  196    1
 1300  195  196  165    1
 1301  233  234  196    1
 1302  197  165  196    1
 1303  351  400  401    1
 1304  401  400  447    1
 1305   68   52   51    1
 1306  351  401  352    1
 1307  396  395  443    1
 1308  169  179  203    1
 1309  173  170  203    1
 1310  216  208  203    1
 1311  203  179  216    1
 1312  246  208  216    1
 1313  214  256  216    1
 1314   66   83   67    1
 1315   66   67   50    1
 1316   48   50   65    1
 1317   70   51   65    1
 1318   65   50   67    1
 1319   67   85   65    1
 1320  242  208  246    1
 1321  289  284  246    1
 1322  216  256  246    1
 1323  299  255  300    1
 1324   52   68   72    1
 1325  354  304  324    1
 1326  395  396  348    1
 1327  332  284  289    1
 1328  302  332  289    1
 1329  246  256  289    1
 1330  284  332  333    1
 1331  331  284  333    1
 1332  380  378  333    1
 1333  301  299  348    1
 1334  332  302  352    1
 1335  300  257  303    1
 1336   65   85   70    1
 1337   69   51   70    1
 1338   91   90   70    1
 1339  321  322  278    1
 1340  566  607  568    1
 1341   69   90   88    1
 1342   68   88   89    1
 1343  112   89   88    1
 1344  255  299  256    1
 1345  537  574  566    1
 1346  419  369  415    1
 1347  403  353  355    1
 1348  607  566  574    1
 1349  257  300  255    1
 1350  607  574  617    1
 1351  303  257  258    1
 1352  113  142  141    1
 1353   67   83   86    1
 1354   67   86   87    1
 1355   67   87   85    1
 1356   87   86  111    1
 1357  109   85   87    1
 1358  299  301  256    1
 1359  217  181  218    1
 1360  348  350  301    1
 1361  403  450  443    1
 1362  348  396  350    1
 1363  616  655  617    1
 1364  574  537  575    1
 1365  305  353  303    1
 1366  142  113  114    1
 1367  450  403  405    1
 1368  574  616  617    1
 1369  530  489  528    1
 1370   87  111  109    1
 1371   91   85  109    1
 1372  137  117  109    1
 1373  528  566  530    1
 1374  653  608  609    1
 1375  538  575  537    1
 1376  568  530  566    1
 1377   72   68   89    1
 1378  451  419  468    1
 1379  608  653  611    1
 1380  566  528  537    1
 1381  608  568  609    1
 1382  109  117   91    1
 1383   70   85   91    1
 1384  116   90   91    1
 1385  630  631  667    1
 1386  171  141  142    1
 1387   94   73   95    1
 1388   94   95  120    1
 1389  219  182  220    1
 1390  182  149  183    1
 1391   94  120  119    1
 1392  150  149  119    1
 1393  120   95  121    1
 1394  120  121  150    1
 1395  182  183  220    1
 1396  220  183  184    1
 1397  183  149  150    1
 1398  183  150  184    1
 1399  219  220  221    1
 1400  221  220  184    1
 1401  151  185  184    1
 1402  260  219  221    1
 1403  119  120  150    1
 1404  150  121  151    1
 1405  150  151  184    1
 1406  222  221  184    1
 1407  222  184  185    1
 1408  185  223  222    1
 1409  115  143  114    1
 1410  634  630  670    1
 1411  148  181  180    1
 1412  451  468  452    1
 1413  113   89  114    1
 1414  667  670  630    1
 1415  143  140  170    1
 1416  148  180  147    1
 1417  416  367  368    1
 1418  112  115   89    1
 1419  261  260  221    1
 1420  261  221  262    1
 1421  261  262  307    1
 1422  307  262  263    1
 1423  262  221  222    1
 1424  262  222  263    1
 1425  308  307  263    1
 1426  222  223  263    1
 1427  215  180  217    1
 1428  419  462  468    1
 1429   89  115  114    1
 1430  167  202  181    1
 1431  143  115  140    1
 1432  332  352  380    1
 1433  427  378  380    1
 1434  402  429  380    1
 1435  180  215  178    1
 1436  260  261  306    1
 1437  261  307  306    1
 1438  307  308  318    1
 1439  307  318  306    1
 1440  315  274  318    1
 1441  306  318  274    1
 1442  217  257  215    1
 1443  234  273  236    1
 1444  117  148  147    1
 1445  318  308  315    1
 1446  272  274  315    1
 1447  356  316  315    1
 1448  147  180  178    1
 1449  497  468  506    1
 1450  147  178  146    1
 1451  200  234  236    1
 1452  468  497  452    1
 1453  117  147  116    1
 1454  497  506  539    1
 1455  263  223  264    1
 1456  309  308  263    1
 1457  263  264  309    1
 1458  309  264  310    1
 1459   91  117  116    1
 1460  273  276  236    1
 1461  140  112  116    1
 1462   95   73   96    1
 1463   95   96  122    1
 1464   95  122  121    1
 1465  152  151  121    1
 1466  122   96  123    1
 1467  185  151  186    1
 1468  122  123  152    1
 1469  123  153  152    1
 1470  152  153  186    1
 1471  152  186  151    1
 1472  121  122  152    1
 1473  185  186  224    1
 1474  224  186  187    1
 1475  223  185  224    1
 1476  153  187  186    1
 1477  706  705  666    1
 1478  116  147  146    1
 1479  323  322  366    1
 1480  169  170  140    1
 1481  784  821  785    1
 1482  784  785  742    1
 1483  785  778  742    1
 1484  380  333  332    1
 1485  198  165  197    1
 1486  201  197  234    1
 1487  196  234  197    1
 1488  200  201  234    1
 1489  667  628  666    1
 1490  466  417  465    1
 1491  265  223  224    1
 1492  187  225  224    1
 1493  224  225  265    1
 1494  266  265  225    1
 1495  417  466  464    1
 1496  631  628  667    1
 1497  788  750  745    1
 1498  507  546  547    1
 1499  315  316  272    1
 1500  233  274  272    1
 1501  317  273  272    1
 1502  223  265  264    1
 1503  264  265  266    1
 1504  311  310  264    1
 1505  199  200  235    1
 1506  308  309  356    1
 1507  315  308  356    1
 1508  310  316  356    1
 1509  356  309  310    1
 1510  551  550  590    1
 1511  225  187  226    1
 1512  225  226  267    1
 1513  225  267  266    1
 1514  312  266  267    1
 1515  267  226  268    1
 1516  551  590  583    1
 1517  235  236  275    1
 1518  821  784  786    1
 1519  786  784  742    1
 1520  743  786  742    1
 1521  459  503  460    1
 1522  267  268  312    1
 1523  311  266  312    1
 1524  313  360  312    1
 1525  546  583  547    1
 1526  322  364  366    1
 1527  166  199  167    1
 1528  583  590  626    1
 1529  700  691  731    1
 1530  744  700  731    1
 1531  547  583  584    1
 1532  312  360  311    1
 1533  264  266  311    1
 1534  357  310  311    1
 1535  199  202  167    1
 1536  312  268  313    1
 1537  361  360  313    1
 1538  314  313  268    1
 1539  321  319  364    1
 1540  200  199  166    1
 1541  729  728  770    1
 1542  410  457  456    1
 1543  275  236  276    1
 1544  319  276  320    1
 1545  580  621  592    1
 1546  789  790  788    1
 1547  745  789  788    1
 1548  788  790  750    1
 1549  790  752  750    1
 1550  277  275  319    1
 1551  619  633  656    1
 1552  592  621  637    1
 1553  750  752  751    1
 1554  750  751  709    1
 1555  710  709  751    1
 1556  272  316  317    1
 1557  552  553  592    1
 1558  588  633  619    1
 1559  275  277  237    1
 1560  552  592  591    1
 1561  694  696  660    1
 1562  273  317  276    1
 1563  790  789  823    1
 1564  823  821  791    1
 1565  823  791  790    1
 1566  752  790  791    1
 1567  202  199  235    1
 1568  553  552  512    1
 1569  633  588  587    1
 1570  637  622  662    1
 1571  316  358  317    1
 1572  197  201  198    1
 1573  168  165  198    1
 1574  198  201  166    1
 1575  201  200  166    1
 1576  712  750  709    1
 1577  277  321  278    1
 1578  658  691  661    1
 1579  692  730  732    1
 1580  587  588  549    1
 1581  691  700  661    1
 1582  732  730  747    1
 1583  277  278  237    1
 1584  637  638  591    1
 1585  691  692  731    1
 1586  311  360  357    1
 1587  731  692  732    1
 1588  235  275  237    1
 1589  592  637  591    1
 1590  358  316  310    1
 1591  591  638  636    1
 1592  202  235  237    1
 1593  323  324  278    1
 1594  636  673  665    1
 1595  588  577  549    1
 1596 1039 1029 1028    1
 1597 1062 1063 1056    1
 1598 1040 1039 1030    1
 1599 1049 1040 1035    1
 1600 1056 1063 1057    1
 1601 1056 1057 1045    1
 1602 1057 1063 1058    1
 1603 1057 1058 1046    1
 1604 1057 1046 1045    1
 1605 1046 1058 1059    1
 1606 1046 1059 1047    1
 1607 1048 1049 1034    1
 1608 1053 1056 1045    1
 1609 1033 1041 1045    1
 1610 1046 1047 1033    1
 1611 1047 1059 1048    1
 1612 1047 1048 1034    1
 1613 1047 1034 1033    1
 1614 1034 1049 1035    1
 1615 1034 1035 1021    1
 1616 1035 1040 1030    1
 1617 1035 1030 1021    1
 1618 1045 1046 1033    1
 1619 1030 1039 1028    1
 1620 1030 1028 1018    1
 1621 1028 1029 1015    1
 1622 1008  996  997    1
 1623 1029 1017 1015    1
 1624 1034 1021 1033    1
 1625 1028 1015 1016    1
 1626 1041 1033 1031    1
 1627 1030 1018 1021    1
 1628 1018 1028 1016    1
 1629 1009 1019 1008    1
 1630 1019 1031 1020    1
 1631 1018 1016 1006    1
 1632 1006  996 1008    1
 1633 1019 1020 1008    1
 1634 1021 1018 1008    1
 1635 1020 1031 1033    1
 1636 1008 1020 1021    1
 1637 1021 1020 1033    1
 1638  997 1009 1008    1
 1639 1008 1018 1006    1
 1640  997  996  983    1
 1641  202  218  181    1
 1642  668  665  673    1
 1643  773  808  809    1
 1644  808  810  838    1
 1645  218  202  237    1
 1646  503  459  504    1
 1647  665  668  629    1
 1648  323  367  324    1
 1649 1015 1017 1005    1
 1650  996 1006  992    1
 1651 1015 1005 1004    1
 1652 1015 1004 1016    1
 1653 1016 1004 1006    1
 1654 1004 1005  990    1
 1655  990  977  991    1
 1656  990  991 1004    1
 1657  991  977  978    1
 1658  996  992  982    1
 1659  982  992  978    1
 1660  991  992 1006    1
 1661  983  996  982    1
 1662  991  978  992    1
 1663 1006 1004  991    1
 1664  977  965  978    1
 1665  690  729  730    1
 1666  577  539  549    1
 1667  218  258  217    1
 1668  730  729  771    1
 1669  668  673  707    1
 1670  978  965  970    1
 1671  978  970  972    1
 1672  970  965  956    1
 1673  970  956  957    1
 1674  982  978  972    1
 1675  982  972  971    1
 1676  971  972  957    1
 1677  957  972  970    1
 1678  982  971  983    1
 1679  957  956  946    1
 1680  218  259  258    1
 1681  770  771  729    1
 1682  696  694  736    1
 1683  586  587  549    1
 1684  259  304  258    1
 1685  994  981  980    1
 1686  977  990  979    1
 1687  993  994  979    1
 1688 1017 1007 1005    1
 1689 1005 1007  995    1
 1690 1005  995  990    1
 1691  995 1007  993    1
 1692  995  993  979    1
 1693  990  995  979    1
 1694  977  979  966    1
 1695  994  980  979    1
 1696  979  980  966    1
 1697  980  981  967    1
 1698  980  967  966    1
 1699  954  965  966    1
 1700  977  966  965    1
 1701  981  968  967    1
 1702  304  259  278    1
 1703 1011 1003 1014    1
 1704 1026 1038 1027    1
 1705 1026 1027 1013    1
 1706 1036 1023 1027    1
 1707 1027 1023 1013    1
 1708 1026 1013 1025    1
 1709 1024 1025 1012    1
 1710 1025 1013 1012    1
 1711 1024 1012 1011    1
 1712 1012 1013 1000    1
 1713 1010  998 1000    1
 1714 1014 1024 1011    1
 1715 1003 1011  999    1
 1716 1011 1012  999    1
 1717 1014 1003 1002    1
 1718 1012 1000  999    1
 1719 1000 1013 1010    1
 1720 1023 1010 1013    1
 1721  999 1000  985    1
 1722  985 1000  998    1
 1723  985  998  983    1
 1724  359  358  310    1
 1725  456  409  410    1
 1726  237  259  218    1
 1727  821  786  792    1
 1728  792  786  787    1
 1729  792  787  754    1
 1730  787  786  743    1
 1731  755  754  787    1
 1732  966  967  954    1
 1733  968  955  967    1
 1734  967  955  954    1
 1735  954  955  944    1
 1736  259  237  278    1
 1737  411  363  408    1
 1738  257  217  258    1
 1739  278  324  304    1
 1740  787  743  755    1
 1741  711  754  755    1
 1742  744  755  743    1
 1743  965  954  956    1
 1744  956  954  945    1
 1745  956  945  946    1
 1746  945  954  944    1
 1747  929  946  945    1
 1748  409  456  454    1
 1749  618  619  656    1
 1750  619  618  575    1
 1751  363  411  365    1
 1752  968  969  955    1
 1753  969  964  955    1
 1754  964  953  952    1
 1755  964  952  955    1
 1756  939  944  952    1
 1757  944  955  952    1
 1758  576  538  539    1
 1759  783  772  741    1
 1760  755  744  711    1
 1761  411  455  413    1
 1762  775  810  808    1
 1763  731  749  744    1
 1764  365  411  413    1
 1765  361  409  406    1
 1766  749  711  744    1
 1767  711  749  707    1
 1768  363  365  320    1
 1769 1002  988 1001    1
 1770 1001  988  987    1
 1771  986 1001  987    1
 1772  986  987  974    1
 1773  987  988  975    1
 1774  987  975  974    1
 1775  976  986  974    1
 1776  975  960  974    1
 1777  749  748  707    1
 1778  660  659  694    1
 1779  620  659  660    1
 1780  320  365  364    1
 1781  659  620  661    1
 1782  620  660  657    1
 1783  319  320  364    1
 1784  620  658  661    1
 1785  359  407  408    1
 1786  658  657  690    1
 1787  317  320  276    1
 1788  962  976  963    1
 1789  950  962  963    1
 1790  974  959  963    1
 1791  868  898  895    1
 1792  459  460  413    1
 1793  408  407  453    1
 1794  868  895  865    1
 1795  365  412  364    1
 1796  460  458  413    1
 1797  868  865  838    1
 1798  864  866  894    1
 1799  455  499  459    1
 1800  505  460  503    1
 1801  866  864  837    1
 1802  864  894  893    1
 1803  808  838  837    1
 1804  501  456  457    1
 1805  366  364  412    1
 1806  412  365  413    1
 1807  322  321  364    1
 1808  456  501  500    1
 1809  458  412  413    1
 1810  357  359  310    1
 1811  505  513  467    1
 1812  850  849  820    1
 1813  741  782  783    1
 1814  461  505  467    1
 1815  900  899  924    1
 1816  454  406  409    1
 1817  366  414  368    1
 1818  456  500  454    1
 1819  323  366  368    1
 1820  900  922  897    1
 1821  414  461  418    1
 1822  900  897  870    1
 1823  414  418  368    1
 1824  897  922  898    1
 1825  513  512  467    1
 1826  460  505  461    1
 1827  455  408  453    1
 1828  418  461  467    1
 1829  367  323  368    1
 1830  543  501  502    1
 1831  367  416  415    1
 1832  416  464  415    1
 1833 1050 1051 1037    1
 1834 1051 1054 1043    1
 1835 1064 1062 1056    1
 1836 1064 1056 1061    1
 1837 1054 1055 1044    1
 1838 1054 1044 1043    1
 1839 1043 1044 1032    1
 1840 1044 1055 1052    1
 1841 1055 1060 1052    1
 1842 1052 1060 1053    1
 1843 1060 1061 1053    1
 1844 1053 1061 1056    1
 1845 1051 1043 1037    1
 1846 1037 1043 1032    1
 1847 1050 1037 1036    1
 1848 1052 1053 1041    1
 1849 1045 1041 1053    1
 1850 1044 1052 1042    1
 1851 1038 1050 1036    1
 1852 1027 1038 1036    1
 1853 1023 1036 1022    1
 1854 1036 1037 1022    1
 1855 1044 1042 1032    1
 1856 1031 1019 1032    1
 1857 1042 1052 1041    1
 1858 1009  997 1010    1
 1859 1023 1022 1010    1
 1860 1019 1009 1022    1
 1861 1022 1037 1032    1
 1862  998 1010  997    1
 1863 1010 1022 1009    1
 1864 1032 1042 1031    1
 1865 1031 1042 1041    1
 1866 1032 1019 1022    1
 1867  998  997  983    1
 1868  501  542  500    1
 1869  464  507  463    1
 1870  506  462  463    1
 1871  406  454  453    1
 1872  812  813  778    1
 1873  415  464  463    1
 1874  543  544  581    1
 1875  508  507  547    1
 1876  506  463  509    1
 1877  506  509  539    1
 1878  499  455  453    1
 1879  499  504  459    1
 1880  492  448  447    1
 1881  448  492  493    1
 1882  492  531  493    1
 1883  544  582  581    1
 1884  448  493  449    1
 1885  533  493  531    1
 1886  449  493  494    1
 1887  579  578  540    1
 1888  501  543  542    1
 1889  542  543  581    1
 1890  779  780  738    1
 1891  579  542  581    1
 1892  542  579  540    1
 1893  504  545  503    1
 1894  513  503  545    1
 1895  553  545  580    1
 1896  963  976  974    1
 1897  974  960  959    1
 1898  512  513  553    1
 1899  751  752  710    1
 1900  813  779  778    1
 1901  709  710  672    1
 1902  948  959  960    1
 1903  753  754  710    1
 1904  821  822  785    1
 1905  785  822  812    1
 1906  785  812  778    1
 1907  710  754  711    1
 1908  791  821  792    1
 1909  791  792  753    1
 1910  791  753  752    1
 1911  710  752  753    1
 1912  753  792  754    1
 1913  672  671  709    1
 1914  672  710  711    1
 1915  738  780  739    1
 1916  672  673  636    1
 1917  673  672  711    1
 1918  780  781  739    1
 1919  673  711  707    1
 1920  781  782  739    1
 1921  779  738  778    1
 1922  988 1002 1003    1
 1923  999  985  984    1
 1924  988 1003  989    1
 1925 1003  999  989    1
 1926  988  989  975    1
 1927  984  973  975    1
 1928  989  999  984    1
 1929  975  989  984    1
 1930  985  983  973    1
 1931  973  984  985    1
 1932  960  975  973    1
 1933  782  741  739    1
 1934  948  960  958    1
 1935  948  958  946    1
 1936  957  946  958    1
 1937  930  948  946    1
 1938  983  971  973    1
 1939  973  971  957    1
 1940  973  957  958    1
 1941  958  960  973    1
 1942  876  879  850    1
 1943  879  876  904    1
 1944  878  907  905    1
 1945  931  930  905    1
 1946  907  931  905    1
 1947  877  878  905    1
 1948  878  877  849    1
    1    1 2.00000e-01 2.40000e+09 1.00000e+00 0.00000e+00 0.00000e+00
  554    1    1    1
   73    1    1    1
  654        1.00000        1.00000        0.00000
  938        1.00000        1.00000        0.00000
  821      100.00000        0.00000        0.00000
 1062        0.00000     -100.00000        0.00000
15000        0.00000        0.00000        0.00000
