out.dat
   0.00100   0.00000
  647 1172    2    1    0    2    0    0    0    0    5
    0
    1      352.40612        0.00000
    2      354.68649        3.95944
    3      356.46158        0.00000
    4      348.11346        0.00000
    5      350.61352        4.68181
    6      354.63395        9.82257
    7      359.31727        5.29283
    8      362.50000        0.00000
    9      343.59454        0.00000
   10      345.65241        4.62758
   11      348.02739        9.70611
   12      349.88652       16.54257
   13      358.27823       17.41678
   14      361.29278       11.13185
   15      366.08161        6.78134
   16      370.49189        0.00000
   17      340.75700        4.29862
   18      338.88044        0.00000
   19      342.64992        9.10814
   20      344.72802       13.45399
   21      353.21134       24.66271
   22      345.77531       23.10741
   23      343.83778       17.68700
   24      368.08404       16.31056
   25      362.23283       25.94756
   26      374.62337        7.86661
   27      379.38056        0.00000
   28      335.98511        3.77850
   29      337.57587        8.31955
   30      334.04455        0.00000
   31      339.07989       14.25535
   32      346.89456       31.41648
   33      355.80365       33.55653
   34      340.96657       27.31106
   35      339.39937       21.12229
   36      372.94677       27.80837
   37      381.02022       17.17311
   38      364.98920       35.91925
   39      382.65957        6.91471
   40      387.75007        0.00000
   41      332.01597        2.99848
   42      332.51031        7.08190
   43      334.30880       11.40186
   44      329.26133        0.00000
   45      335.21735       18.17339
   46      334.29276       14.80908
   47      349.52681       40.39756
   48      340.69863       32.51404
   49      341.74790       38.45185
   50      357.87036       42.98550
   51      336.69636       30.28888
   52      336.02100       25.50694
   53      334.89768       21.81490
   54      386.53890       32.09749
   55      374.52657       39.22330
   56      390.52365        9.53384
   57      391.61655       19.57610
   58      366.39354       45.95984
   59      400.00000        0.00000
   60      328.17426        4.14578
   61      330.91052       10.46131
   62      328.30686        8.46314
   63      331.27457       13.43945
   64      325.00000        0.00000
   65      331.77711       20.26946
   66      331.58321       16.77537
   67      351.03453       49.58041
   68      343.57761       46.37677
   69      336.96288       35.17456
   70      337.80464       43.94220
   71      336.55292       39.41700
   72      359.23827       52.44806
   73      332.94858       32.98766
   74      332.00797       28.50519
   75      331.96873       24.01801
   76      400.00000       25.62637
   77      400.00000       37.50000
   78      381.68352       43.94407
   79      390.29373       45.68569
   80      374.52127       49.53239
   81      400.00000       13.44970
   82      367.07071       55.55434
   83      325.00000        6.89878
   84      325.00000        3.57959
   85      328.15204       11.92018
   86      325.00000       10.24224
   87      328.25861       15.24574
   88      328.44805       22.17350
   89      328.37130       18.65483
   90      343.22321       55.69139
   91      352.50656       59.51364
   92      337.76853       50.11851
   93      333.02288       37.41136
   94      333.22630       42.10502
   95      333.41221       47.10131
   96      360.38158       61.02880
   97      328.94131       35.06623
   98      329.84372       31.61415
   99      327.95760       29.34399
  100      328.42160       25.84886
  101      400.00000       50.14848
  102      382.51640       53.15046
  103      391.00946       57.25853
  104      374.81980       59.18853
  105      366.91672       65.04663
  106      325.00000       13.60933
  107      325.00000       16.99903
  108      325.00000       20.40972
  109      325.00000       23.83877
  110      337.08770       62.35098
  111      344.80787       65.83825
  112      335.22509       55.81851
  113      356.17565       72.58133
  114      333.09150       51.57831
  115      329.10646       39.86271
  116      329.19107       44.84859
  117      329.24894       49.89846
  118      325.00000       37.50000
  119      325.00000       34.15888
  120      327.36315       32.16767
  121      325.00000       30.72871
  122      325.00000       27.28149
  123      400.00000       62.57539
  124      382.70513       63.19909
  125      390.54152       68.79208
  126      375.04789       68.56054
  127      367.91930       73.51761
  128      337.64772       68.96188
  129      330.63432       67.22843
  130      330.46832       60.29463
  131      341.80161       76.04888
  132      329.71127       54.87727
  133      348.47307       83.83469
  134      365.82375       82.94926
  135      356.62879       86.28742
  136      325.00000       42.29051
  137      325.00000       47.73983
  138      325.00000       53.17140
  139      400.00000       75.00000
  140      382.24104       72.25548
  141      387.27935       82.44885
  142      375.63249       78.45029
  143      333.75711       73.37848
  144      325.00000       75.00000
  145      325.00000       67.34147
  146      325.00000       63.04191
  147      325.00000       58.30806
  148      333.27115       79.63221
  149      338.15806       88.32346
  150      349.58662       96.17670
  151      363.13021       96.17417
  152      375.46293       91.31832
  153      400.00000       91.24136
  154      387.20533      100.79455
  155      317.32486       75.00000
  156      319.62944       82.23888
  157      327.42961       85.40404
  158      327.65631       97.21511
  159      338.66026      100.17712
  160      357.41753      112.25881
  161      344.68704      107.65343
  162      373.86166      108.05451
  163      400.00000      112.50000
  164      386.85526      119.92718
  165      311.56947       75.00000
  166      314.02012       80.25812
  167      313.00737       87.55934
  168      320.72868       89.89253
  169      333.21326      111.51688
  170      315.87812       96.96751
  171      319.39874      108.18117
  172      344.69979      118.50920
  173      353.27454      132.21221
  174      373.20932      128.28684
  175      400.00000      150.00000
  176      305.50360       75.00000
  177      308.34169       81.11434
  178      304.32479       87.71044
  179      307.94434       94.44292
  180      322.71024      120.50315
  181      335.06845      129.11638
  182      306.53328      104.51401
  183      310.30572      118.27469
  184      368.42902      148.39823
  185      340.82315      156.70380
  186      375.00000      175.00000
  187      299.21834       75.00000
  188      301.41632       80.84511
  189      299.93557       95.38549
  190      295.10149       86.60166
  191      315.99772      135.69742
  192      298.22686      114.13292
  193      294.03838      103.95483
  194      298.99452      126.59638
  195      350.00000      200.00000
  196      319.06779      177.40596
  197      310.78978      156.46129
  198      292.95914       75.00000
  199      295.93008       79.53014
  200      291.61038       94.98039
  201      290.83936       80.12523
  202      288.53714       84.45452
  203      287.97236       89.56819
  204      294.28497      142.57311
  205      289.58572      119.61423
  206      290.02797      111.78668
  207      285.34010      106.95368
  208      286.49489       99.89804
  209      286.00280      129.35762
  210      316.66667      200.00000
  211      300.87401      168.57557
  212      296.12055      182.90720
  213      293.92384      157.83840
  214      287.50000       75.00000
  215      286.06400       94.41647
  216      284.82877       80.14012
  217      283.79359       85.83092
  218      282.58916       91.10746
  219      275.95022      138.92611
  220      279.93852      153.39113
  221      283.18113      114.41326
  222      281.75284      121.56615
  223      277.93766      109.33143
  224      280.25797      102.57631
  225      281.50650       96.55842
  226      275.44855      126.86975
  227      283.33333      200.00000
  228      284.46811      168.26502
  229      272.63916      183.17874
  230      282.33200       75.00000
  231      280.58715       78.26743
  232      280.01280       82.31651
  233      278.60614       87.41991
  234      277.26350       92.92815
  235      267.97310      149.00890
  236      263.99376      140.51341
  237      265.49614      130.64266
  238      263.92912      163.59441
  239      274.76143      117.61390
  240      269.87616      110.34039
  241      274.04208      104.25752
  242      276.00433       98.57536
  243      269.07858      123.19931
  244      264.59022      200.00000
  245      258.40128      189.12123
  246      257.87387      178.17679
  247      278.67572       75.00000
  248      277.02960       78.85676
  249      275.23157       83.38394
  250      272.65616       88.95719
  251      272.14472       94.97174
  252      256.49710      148.33882
  253      254.05221      135.65053
  254      263.46759      123.20793
  255      257.01015      125.83269
  256      244.87806      157.31875
  257      247.35452      170.84711
  258      266.42282      117.59106
  259      262.19589      112.31088
  260      269.06518      104.61483
  261      264.56219      106.55822
  262      270.81119      100.16005
  263      250.00000      200.00000
  264      247.14479      184.00851
  265      274.86007       75.00000
  266      272.77453       79.15183
  267      270.19426       83.58229
  268      266.41592       88.00945
  269      268.55057       92.39497
  270      267.31548       96.82102
  271      244.63566      143.52637
  272      243.73629      134.42656
  273      247.15705      126.19824
  274      259.33026      118.77391
  275      252.81294      120.26911
  276      230.43000      160.30135
  277      233.24886      147.92683
  278      238.61283      166.05870
  279      231.78875      175.76759
  280      254.13191      113.11056
  281      258.70568      107.23749
  282      265.89319      101.64307
  283      261.63704      103.20268
  284      237.63979      189.90831
  285      233.37333      200.00000
  286      270.88857       75.00000
  287      268.39479       79.06986
  288      265.56526       82.88224
  289      260.83626       89.42517
  290      262.76044       85.58177
  291      264.22060       93.21544
  292      261.83674       98.34229
  293      235.48839      137.38184
  294      237.55909      128.98327
  295      238.65151      120.64065
  296      246.44822      117.06525
  297      220.43258      150.44605
  298      214.09966      163.52484
  299      223.85816      138.14808
  300      226.06857      189.45116
  301      213.25529      181.57992
  302      252.57127      106.12979
  303      246.72037      109.49890
  304      257.07652      102.04870
  305      214.28571      200.00000
  306      266.77148       75.00000
  307      264.09145       78.78325
  308      261.38282       82.21901
  309      259.93819       94.04021
  310      256.26074       92.06165
  311      256.28406       87.37816
  312      259.53702       85.35395
  313      256.37522       96.92263
  314      229.97153      131.13981
  315      230.45201      123.67960
  316      231.11455      115.22262
  317      239.21616      112.21976
  318      212.13948      141.47052
  319      209.25946      150.70369
  320      196.88880      153.85454
  321      196.87570      171.64117
  322      213.47262      130.82093
  323      222.55617      127.22939
  324      196.53107      188.88208
  325      247.40063      104.18891
  326      251.20951      100.24266
  327      240.51521      103.38261
  328      196.47436      200.00000
  329      262.53169       75.00000
  330      259.81928       78.50265
  331      256.35840       82.14231
  332      252.18824       89.81233
  333      251.86225       94.65992
  334      252.38013       85.33308
  335      222.97149      118.26885
  336      223.53425      109.42211
  337      231.90985      106.70239
  338      203.28825      134.25070
  339      202.96253      143.95054
  340      193.27770      139.40932
  341      181.09142      145.67251
  342      180.70529      162.00695
  343      179.83492      179.90113
  344      204.43003      122.47381
  345      214.66986      121.15352
  346      178.57143      200.00000
  347      245.83520      100.66316
  348      247.12549       96.66014
  349      242.79809       98.01184
  350      237.49659       95.40665
  351      232.82251       99.75252
  352      258.21823       75.00000
  353      256.26961       77.84454
  354      252.00216       81.79120
  355      252.99151       78.56292
  356      248.39993       87.35744
  357      247.79540       91.91311
  358      248.89201       83.30057
  359      215.55310      112.66248
  360      224.33672       99.64112
  361      215.35608      103.57917
  362      193.49658      127.03473
  363      181.73722      131.43728
  364      165.61438      151.65735
  365      167.67754      135.51400
  366      163.95873      169.18795
  367      162.43224      187.58005
  368      194.30286      115.35973
  369      209.00669      115.43436
  370      202.51985      112.94971
  371      161.74456      200.00000
  372      243.07376       93.54213
  373      239.34885       89.87868
  374      234.10403       89.45741
  375      229.85419       93.62980
  376      253.94226       75.00000
  377      249.32150       79.50814
  378      250.00000       75.00000
  379      245.01217       84.45194
  380      244.02709       88.81812
  381      246.20028       81.00289
  382      207.68239      107.75384
  383      214.71148       93.86434
  384      222.30109       90.13412
  385      206.26559       97.76962
  386      183.53423      119.06720
  387      171.00258      121.80919
  388      152.35704      139.97915
  389      147.52898      157.58049
  390      153.71840      122.34723
  391      147.54433      176.41666
  392      142.85714      200.00000
  393      184.55548      106.81763
  394      196.99388      103.54858
  395      240.69685       85.40272
  396      236.87009       86.24171
  397      228.27551       86.77393
  398      233.02860       84.21562
  399      245.84931       77.17838
  400      250.00000       70.24557
  401      246.04804       72.24949
  402      241.95246       80.37970
  403      214.58236       84.44759
  404      205.38056       86.63831
  405      222.33154       81.81462
  406      197.31938       90.99027
  407      174.88432      111.39389
  408      164.46380      111.09555
  409      144.64314      132.11572
  410      133.81005      140.61057
  411      120.94453      167.73480
  412      136.20501      110.17562
  413      152.28123      101.92243
  414      137.97212      125.42286
  415      107.14286      200.00000
  416      186.07268       92.76814
  417      170.08921       97.88834
  418      237.17212       82.25411
  419      228.89533       80.04400
  420      233.67171       79.49135
  421      241.81564       74.58299
  422      246.78824       67.85616
  423      250.00000       64.80116
  424      242.16844       68.36692
  425      237.39712       77.06608
  426      215.91060       75.21208
  427      207.18895       77.51627
  428      191.88418       74.22671
  429      224.42836       73.82570
  430      111.33174      139.49698
  431      121.14435      121.80285
  432       88.77452      177.46360
  433       87.98911      150.38550
  434      134.92447       90.88102
  435      115.54753       98.23670
  436      153.03078       78.61391
  437       71.42857      200.00000
  438      174.21372       81.96207
  439      232.23887       73.53863
  440      237.89901       71.84572
  441      245.91080       63.51580
  442      250.00000       59.36190
  443      235.87497       65.67399
  444      241.50121       62.42406
  445      219.33171       65.86887
  446      208.07533       66.76094
  447      169.78721       66.08105
  448      198.81169       53.49383
  449      179.25215       50.55690
  450      228.07885       66.31240
  451       91.99968      116.87439
  452       56.24232      169.20745
  453       58.23125      131.46796
  454      117.55779       65.45643
  455       89.93396       84.00617
  456      150.55522       45.04568
  457       35.71429      200.00000
  458      245.13257       58.23071
  459      250.00000       54.21162
  460      231.52857       60.37584
  461      238.41930       56.33288
  462      215.32709       53.42908
  463      225.07062       58.59137
  464      207.30192       38.06304
  465      191.11550       37.74883
  466      173.22358       25.80502
  467       58.51368       92.63199
  468       27.51661      148.18450
  469       23.88656      176.84537
  470       26.79627      111.40439
  471       83.86256       58.73901
  472       94.29156       40.27087
  473      117.24600       28.17933
  474       71.22894       72.70398
  475      142.85714        0.00000
  476        0.00000      200.00000
  477      245.32486       53.41466
  478      250.00000       49.46100
  479      231.01207       54.57802
  480      243.32075       48.78021
  481      234.21117       46.94614
  482      224.01711       39.46158
  483      225.83068       50.64385
  484      217.92519       22.97274
  485      196.98813       20.82539
  486      178.57143        0.00000
  487       29.44565       83.42254
  488       43.66439       73.76136
  489       56.59564       68.25636
  490        0.00000      166.66667
  491        0.00000      133.33333
  492        0.00000      100.00000
  493       14.06547       90.94066
  494       67.21600       60.20039
  495       68.17775       48.06625
  496       78.31838       42.12256
  497       78.29236       28.73079
  498       90.40456       18.78368
  499      107.14286        0.00000
  500      250.00000       45.14293
  501      242.44738       41.33671
  502      235.33036       37.30826
  503      233.58276       26.42121
  504      214.28571        0.00000
  505      231.49739       13.07421
  506       30.82132       66.22697
  507       14.08542       79.33523
  508       18.72943       70.23162
  509       42.94567       58.26896
  510       56.21510       53.23633
  511        0.00000       80.54115
  512       56.39897       40.40095
  513       66.96767       34.80585
  514       65.64194       22.26199
  515       73.88264       16.06526
  516       71.42857        0.00000
  517      250.00000       37.50000
  518      242.39336       32.37567
  519      241.69332       15.97709
  520      243.50838       23.84804
  521      250.00000        0.00000
  522       30.30524       53.72729
  523       20.41143       58.73953
  524        8.41345       71.74936
  525        9.25242       61.97210
  526       37.31663       48.03450
  527       46.11777       45.56404
  528        0.00000       66.66667
  529       54.90889       27.63914
  530       46.34372       34.67249
  531       56.16340       16.60273
  532       63.64577       10.54985
  533       59.03923        0.00000
  534      250.00000       27.94047
  535      250.00000       16.55099
  536       21.32534       48.35476
  537       29.47536       43.50510
  538       12.14396       52.03681
  539        0.00000       59.19562
  540        5.32068       55.48275
  541       37.73909       39.10710
  542       45.15631       26.31421
  543       47.77741       19.37823
  544       38.08506       29.70084
  545       49.34220       11.69385
  546       55.70511        8.61384
  547       50.41842        4.59774
  548       51.49236        0.00000
  549       14.55137       43.71635
  550       21.19835       38.79647
  551       29.22009       33.34655
  552        5.17738       50.18560
  553        9.01313       46.03267
  554        0.00000       54.19646
  555       39.05382       20.78280
  556       42.49014       13.90185
  557       31.47759       24.44392
  558       43.71005        7.37972
  559       43.26394        0.00000
  560        8.72397       39.56423
  561       14.65043       37.80188
  562       17.07507       33.14028
  563       22.18243       31.83515
  564       24.57565       26.38072
  565        0.00000       48.79674
  566        4.39769       44.65609
  567       32.28006       17.31422
  568       36.96276       14.61716
  569       38.09462        9.55932
  570       25.90454       19.19266
  571       38.86215        4.51406
  572        0.00000        0.00000
  573        3.47164       40.22085
  574        3.99510       36.10953
  575        7.33994       34.14259
  576       11.67619       33.85559
  577       13.66260       28.94783
  578       18.77182       27.66402
  579       20.09846       21.86802
  580        0.00000       43.13645
  581       33.01740       11.46003
  582       27.73373       13.14133
  583       33.60573        5.47451
  584       24.53568       15.19877
  585       20.94275       15.78987
  586       31.11823        0.00000
  587        0.00000       37.60632
  588        0.00000       33.33333
  589        3.95434       31.66251
  590        8.35011       29.52110
  591       10.77588       25.58216
  592       14.84421       23.86202
  593       15.54980       18.29326
  594       29.66810        8.39618
  595       23.79087       12.48176
  596       25.07607        7.75800
  597       28.90759        4.14701
  598       16.28483       12.78114
  599       20.66612       10.52082
  600       28.07340        0.00000
  601        0.00000       29.19772
  602        3.74182       27.58916
  603        6.90081       24.78695
  604       10.12165       20.79287
  605       10.95889       14.64939
  606       22.97135        3.52409
  607       25.97606        3.09793
  608       21.01930        6.57960
  609       12.71001        9.75546
  610       17.00243        7.56106
  611       24.88313        0.00000
  612        0.00000       26.25667
  613        3.04480       24.06522
  614        5.28555       21.14722
  615        6.47020       17.21433
  616        6.45376       13.02139
  617        9.13049       10.65964
  618       21.54777        0.00000
  619       19.38050        3.53404
  620       13.39209        6.13714
  621        9.53435        6.72037
  622       15.71661        3.41875
  623        0.00000       23.19918
  624        2.24455       21.40567
  625        2.85948       18.59727
  626        3.13667       15.05417
  627        3.05186       11.38753
  628        6.01745        9.13926
  629       18.07179        0.00000
  630       12.02399        3.20555
  631        8.30677        2.88212
  632        5.23559        5.19167
  633       14.46688        0.00000
  634        0.00000       20.02664
  635        0.00000       16.74393
  636        0.00000       13.36199
  637        0.00000        9.90342
  638        2.73461        7.84139
  639       10.75832        0.00000
  640        5.30253        2.13410
  641        6.99939        0.00000
  642        2.66205        2.56331
  643        2.12501        5.00513
  644        0.00000        6.41575
  645        3.30951        0.00000
  646        0.00000        0.00000
  647        0.00000        3.00927
    1  499  475  473    1
    2  498  499  473    1
    3  475  486  466    1
    4  475  466  456    1
    5  456  466  449    1
    6  465  449  466    1
    7  466  486  485    1
    8  485  486  504    1
    9  484  485  504    1
   10  456  473  475    1
   11  476  490  469    1
   12  490  491  468    1
   13  490  468  469    1
   14  468  491  470    1
   15  468  470  453    1
   16  470  491  492    1
   17  468  453  452    1
   18  453  470  467    1
   19  453  467  451    1
   20  467  470  487    1
   21  453  451  433    1
   22  451  467  455    1
   23  488  489  467    1
   24  451  455  435    1
   25  431  430  451    1
   26  435  455  454    1
   27  434  435  454    1
   28  454  455  471    1
   29  469  468  452    1
   30  433  452  453    1
   31  476  469  457    1
   32  457  469  452    1
   33  437  432  415    1
   34  411  415  432    1
   35  452  437  457    1
   36  432  433  411    1
   37  415  411  392    1
   38  410  389  411    1
   39  391  392  411    1
   40  195  210  196    1
   41  195  196  185    1
   42  174  175  184    1
   43  173  174  184    1
   44  186  195  185    1
   45  184  175  186    1
   46  185  184  186    1
   47  164  163  175    1
   48  493  487  470    1
   49  515  516  498    1
   50  471  455  474    1
   51  506  522  509    1
   52  482  462  464    1
   53  534  517  518    1
   54  524  507  511    1
   55  555  543  542    1
   56  571  572  559    1
   57  506  509  488    1
   58  482  464  484    1
   59  472  497  498    1
   60  494  471  474    1
   61  572  571  583    1
   62  511  507  493    1
   63  534  518  520    1
   64  506  488  487    1
   65  482  484  503    1
   66  498  516  499    1
   67  467  489  474    1
   68  511  493  492    1
   69  555  542  544    1
   70  488  509  489    1
   71  571  559  558    1
   72  534  520  535    1
   73  467  487  488    1
   74  493  507  487    1
   75  505  503  484    1
   76  510  512  495    1
   77  484  464  485    1
   78  600  586  597    1
   79  470  492  493    1
   80  535  520  519    1
   81  545  558  547    1
   82  544  542  530    1
   83  567  581  568    1
   84  512  510  527    1
   85  510  495  494    1
   86  496  497  472    1
   87  519  520  503    1
   88  526  527  509    1
   89  510  494  489    1
   90  517  501  518    1
   91  500  478  480    1
   92  530  542  529    1
   93  509  527  510    1
   94  494  495  471    1
   95  520  518  503    1
   96  545  547  546    1
   97  454  471  472    1
   98  510  489  509    1
   99  481  483  482    1
  100  535  519  521    1
  101  498  473  472    1
  102  567  568  555    1
  103  474  489  494    1
  104  472  473  454    1
  105  474  455  467    1
  106  555  544  557    1
  107  547  558  559    1
  108  390  412  413    1
  109  607  611  600    1
  110  501  481  502    1
  111  529  531  514    1
  112  413  412  434    1
  113  542  543  529    1
  114  403  383  404    1
  115  547  548  533    1
  116  512  529  513    1
  117  478  459  477    1
  118  413  434  436    1
  119  587  588  574    1
  120  543  531  529    1
  121  501  502  518    1
  122  529  514  513    1
  123  445  426  446    1
  124  434  412  435    1
  125  530  529  512    1
  126  513  514  497    1
  127  568  581  569    1
  128  531  545  546    1
  129  454  436  434    1
  130  518  502  503    1
  131  531  532  514    1
  132  512  513  495    1
  133  426  403  427    1
  134  646  645  642    1
  135  531  546  532    1
  136  514  532  515    1
  137  502  481  482    1
  138  495  513  496    1
  139  539  554  540    1
  140  400  378  401    1
  141  514  515  497    1
  142  426  427  446    1
  143  495  496  471    1
  144  532  546  533    1
  145  482  483  462    1
  146  502  482  503    1
  147  515  532  516    1
  148  496  513  497    1
  149  556  569  558    1
  150  533  546  547    1
  151  427  403  404    1
  152  498  497  515    1
  153  472  471  496    1
  154  397  384  405    1
  155  587  574  573    1
  156  548  547  559    1
  157  427  404  428    1
  158  416  393  417    1
  159  532  533  516    1
  160  400  401  422    1
  161  642  645  640    1
  162  588  589  574    1
  163  416  417  438    1
  164  445  446  462    1
  165  462  448  464    1
  166  446  427  428    1
  167  581  583  569    1
  168  416  438  428    1
  169  473  456  454    1
  170  587  573  580    1
  171  464  448  465    1
  172  433  432  452    1
  173  398  397  419    1
  174  464  465  485    1
  175  447  428  438    1
  176  432  437  452    1
  177  578  564  563    1
  178  438  417  436    1
  179  400  422  423    1
  180  411  433  430    1
  181  601  612  602    1
  182  466  485  465    1
  183  569  583  571    1
  184  566  565  580    1
  185  642  640  632    1
  186  390  388  409    1
  187  449  465  448    1
  188  341  364  365    1
  189  365  364  388    1
  190  401  378  399    1
  191  577  578  562    1
  192  393  386  407    1
  193  414  390  409    1
  194  573  574  560    1
  195  422  401  424    1
  196  388  390  365    1
  197  409  388  410    1
  198  389  388  364    1
  199  568  569  556    1
  200  640  645  641    1
  201  417  393  407    1
  202  414  409  410    1
  203  647  646  642    1
  204  554  565  552    1
  205  410  388  389    1
  206  590  577  576    1
  207  387  408  407    1
  208  338  340  362    1
  209  401  399  421    1
  210  411  430  410    1
  211  459  442  458    1
  212  571  558  569    1
  213  386  363  387    1
  214  338  362  344    1
  215  549  536  538    1
  216  318  322  299    1
  217  407  386  387    1
  218  640  641  631    1
  219  589  590  575    1
  220  556  543  555    1
  221  401  421  424    1
  222  387  363  365    1
  223  362  340  363    1
  224  318  299  297    1
  225  647  642  643    1
  226  423  422  441    1
  227  390  408  387    1
  228  318  297  319    1
  229  560  549  553    1
  230  555  568  556    1
  231  344  362  368    1
  232  363  341  365    1
  233  589  575  574    1
  234  387  365  390    1
  235  298  319  297    1
  236  632  640  631    1
  237  421  399  402    1
  238  543  556  545    1
  239  423  441  442    1
  240  364  341  342    1
  241  554  552  540    1
  242  322  338  344    1
  243  297  299  277    1
  244  364  342  366    1
  245  574  575  560    1
  246  647  643  644    1
  247  297  277  276    1
  248  386  393  368    1
  249  343  366  342    1
  250  297  276  298    1
  251  540  552  538    1
  252  631  641  639    1
  253  364  366  389    1
  254  418  398  420    1
  255  363  386  362    1
  256  276  277  256    1
  257  441  422  424    1
  258  558  545  556    1
  259  366  343  367    1
  260  575  590  576    1
  261  386  368  362    1
  262  341  363  340    1
  263  366  367  391    1
  264  557  567  555    1
  265  366  391  389    1
  266  545  531  543    1
  267  552  565  566    1
  268  450  445  463    1
  269  644  643  638    1
  270  322  318  338    1
  271  479  460  463    1
  272  391  367  392    1
  273  575  576  560    1
  274  570  584  582    1
  275  378  377  399    1
  276  411  389  391    1
  277  519  503  505    1
  278  318  319  339    1
  279  552  566  553    1
  280  576  577  562    1
  281  519  505  521    1
  282  338  318  339    1
  283  459  458  477    1
  284  402  418  425    1
  285  315  323  335    1
  286  338  339  340    1
  287  327  325  303    1
  288  618  611  606    1
  289  484  504  505    1
  290  643  642  632    1
  291  576  562  561    1
  292  340  339  320    1
  293  553  566  560    1
  294  505  504  521    1
  295  320  339  319    1
  296  315  335  316    1
  297  477  458  461    1
  298  402  425  421    1
  299  562  578  563    1
  300  305  328  324    1
  301  341  340  320    1
  302  319  298  320    1
  303  552  553  538    1
  304  324  328  346    1
  305  399  377  381    1
  306  631  639  630    1
  307  315  316  295    1
  308  550  561  562    1
  309  343  324  346    1
  310  458  442  441    1
  311  612  623  613    1
  312  359  345  369    1
  313  425  418  420    1
  314  538  553  549    1
  315  550  536  549    1
  316  316  335  336    1
  317  359  369  382    1
  318  399  381  402    1
  319  443  460  461    1
  320  323  315  314    1
  321  580  573  566    1
  322  631  630  621    1
  323  561  549  560    1
  324  425  420  439    1
  325  316  336  337    1
  326  644  638  637    1
  327  369  345  344    1
  328  566  573  560    1
  329  563  564  551    1
  330  478  477  480    1
  331  323  314  299    1
  332  539  540  525    1
  333  381  377  358    1
  334  336  335  359    1
  335  370  369  344    1
  336  420  398  419    1
  337  630  639  633    1
  338  576  561  560    1
  339  538  523  525    1
  340  480  477  461    1
  341  564  557  551    1
  342  638  643  632    1
  343  528  539  525    1
  344  359  382  361    1
  345  335  323  345    1
  346  538  536  523    1
  347  381  358  379    1
  348  563  551  550    1
  349  420  419  439    1
  350  314  315  294    1
  351  525  540  538    1
  352  562  563  550    1
  353  536  522  523    1
  354  382  369  370    1
  355  629  618  619    1
  356  424  443  444    1
  357  550  551  537    1
  358  296  295  317    1
  359  407  408  417    1
  360  450  460  443    1
  361  550  537  536    1
  362  637  638  627    1
  363  381  379  402    1
  364  417  408  413    1
  365  382  370  394    1
  366  549  561  550    1
  367  390  413  408    1
  368  295  296  273    1
  369  522  536  537    1
  370  424  444  441    1
  371  417  413  436    1
  372  295  316  317    1
  373  344  368  370    1
  374  462  446  448    1
  375  632  631  621    1
  376  385  394  406    1
  377  448  446  428    1
  378  379  358  356    1
  379  424  421  440    1
  380  449  448  428    1
  381  385  406  404    1
  382  441  444  458    1
  383  317  316  337    1
  384  315  295  294    1
  385  370  368  394    1
  386  449  428  447    1
  387  623  634  624    1
  388  456  449  447    1
  389  406  394  416    1
  390  438  436  447    1
  391  337  336  360    1
  392  383  361  385    1
  393  424  440  443    1
  394  347  325  327    1
  395  633  629  622    1
  396  343  321  324    1
  397  444  443  461    1
  398  404  406  428    1
  399  321  298  301    1
  400  294  295  273    1
  401  345  359  335    1
  402  361  382  385    1
  403  324  321  301    1
  404  385  404  383    1
  405  324  301  305    1
  406  637  627  636    1
  407  361  383  360    1
  408  500  480  501    1
  409  385  382  394    1
  410  440  421  425    1
  411  284  263  285    1
  412  406  416  428    1
  413  384  397  375    1
  414  633  622  630    1
  415  416  394  393    1
  416  361  360  336    1
  417  345  322  344    1
  418  300  279  284    1
  419  393  394  368    1
  420  294  273  272    1
  421  285  305  300    1
  422  301  298  279    1
  423  359  361  336    1
  424  501  480  481    1
  425  323  322  345    1
  426  300  305  301    1
  427  284  285  300    1
  428  342  341  320    1
  429  440  425  439    1
  430  278  279  276    1
  431  301  279  300    1
  432  342  320  321    1
  433  346  371  367    1
  434  298  276  279    1
  435  348  347  349    1
  436  627  638  628    1
  437  622  629  619    1
  438  321  343  342    1
  439  461  458  444    1
  440  219  204  220    1
  441  314  294  293    1
  442  367  371  392    1
  443  298  321  320    1
  444  367  343  346    1
  445  220  204  213    1
  446  440  439  443    1
  447  211  196  212    1
  448  517  500  501    1
  449  263  245  244    1
  450  220  213  228    1
  451  377  378  355    1
  452  229  228  212    1
  453  197  213  204    1
  454  244  245  229    1
  455  479  483  481    1
  456  357  348  372    1
  457  227  212  210    1
  458  419  397  405    1
  459  314  293  299    1
  460  212  227  229    1
  461  622  619  610    1
  462  244  229  227    1
  463  480  461  481    1
  464  196  210  212    1
  465  634  635  625    1
  466  219  220  235    1
  467  463  462  483    1
  468  419  405  429    1
  469  275  296  280    1
  470  461  460  479    1
  471  377  355  354    1
  472  236  219  235    1
  473  595  582  584    1
  474  252  235  238    1
  475  405  384  403    1
  476  293  294  272    1
  477  481  461  479    1
  478  275  280  274    1
  479  397  398  374    1
  480  247  230  231    1
  481  463  483  479    1
  482  235  220  238    1
  483  454  456  436    1
  484  585  584  570    1
  485  252  238  256    1
  486  180  169  181    1
  487  275  274  255    1
  488  405  403  426    1
  489  619  618  606    1
  490  238  220  228    1
  491  377  354  358    1
  492  180  181  191    1
  493  293  272  271    1
  494  254  237  255    1
  495  221  223  207    1
  496  173  185  181    1
  497  384  383  403    1
  498  181  185  191    1
  499  379  356  380    1
  500  265  247  248    1
  501  197  191  185    1
  502  274  280  259    1
  503  608  610  619    1
  504  221  207  206    1
  505  419  429  439    1
  506  322  323  299    1
  507  150  160  161    1
  508  358  354  334    1
  509  259  240  258    1
  510  635  636  626    1
  511  221  206  205    1
  512  429  405  426    1
  513  293  271  277    1
  514  159  150  161    1
  515  259  258  274    1
  516  172  161  160    1
  517  429  426  445    1
  518  192  194  205    1
  519  585  598  599    1
  520  379  380  395    1
  521  169  161  172    1
  522  293  277  299    1
  523  258  240  239    1
  524  242  224  241    1
  525  206  207  193    1
  526  439  429  450    1
  527  277  271  256    1
  528  354  355  331    1
  529  181  169  172    1
  530  240  223  239    1
  531  206  193  192    1
  532  443  439  450    1
  533  173  172  160    1
  534  635  626  625    1
  535  205  206  192    1
  536  204  191  197    1
  537  160  174  173    1
  538  258  239  243    1
  539  380  356  357    1
  540  606  611  607    1
  541  463  460  450    1
  542  192  193  182    1
  543  378  376  355    1
  544  211  213  197    1
  545  172  173  181    1
  546  258  243  254    1
  547  184  185  173    1
  548  450  429  445    1
  549  303  325  302    1
  550  192  182  183    1
  551  462  463  445    1
  552  192  183  194    1
  553  243  239  226    1
  554  144  129  143    1
  555  194  183  191    1
  556  447  436  456    1
  557  379  395  402    1
  558  243  226  237    1
  559  622  610  620    1
  560  185  196  197    1
  561  128  143  129    1
  562  625  626  615    1
  563  258  254  274    1
  564  216  214  201    1
  565  214  198  201    1
  566  228  213  211    1
  567  110   90  111    1
  568  355  376  353    1
  569  262  241  260    1
  570  255  274  254    1
  571  622  620  630    1
  572  212  228  211    1
  573  110  111  128    1
  574  254  243  237    1
  575  224  225  208    1
  576  395  380  373    1
  577  197  196  211    1
  578  165  155  166    1
  579  219  237  226    1
  580  111   90   91    1
  581  626  636  627    1
  582  358  334  356    1
  583  223  221  239    1
  584  111   91  113    1
  585  355  353  331    1
  586  225  218  215    1
  587  176  165  177    1
  588   82  104  105    1
  589  630  620  621    1
  590  239  221  222    1
  591  129  110  128    1
  592  239  222  226    1
  593  217  216  202    1
  594  198  187  199    1
  595  143  128  131    1
  596  395  373  396    1
  597   72   82   96    1
  598  334  354  331    1
  599  620  610  609    1
  600  222  221  205    1
  601  353  376  352    1
  602  131  128  111    1
  603  627  628  616    1
  604   90   67   91    1
  605   72   96   91    1
  606  198  199  201    1
  607  131  111  113    1
  608  209  222  205    1
  609  217  202  203    1
  610  373  380  372    1
  611  144  143  148    1
  612  282  270  262    1
  613  598  609  610    1
  614   91   96  113    1
  615  148  143  131    1
  616  226  222  209    1
  617  201  199  190    1
  618  353  352  330    1
  619  149  148  131    1
  620  226  209  219    1
  621  131  113  133    1
  622  202  216  201    1
  623   96   82  105    1
  624  131  133  149    1
  625  326  302  325    1
  626  398  418  396    1
  627  205  194  209    1
  628  135  150  133    1
  629  199  187  188    1
  630   96  105  113    1
  631  149  133  150    1
  632  628  638  632    1
  633   67   72   91    1
  634  219  209  204    1
  635  353  330  331    1
  636  291  270  292    1
  637   76   77   54    1
  638  187  176  188    1
  639   57   56   81    1
  640  202  201  190    1
  641  398  396  374    1
  642  141  139  153    1
  643  188  176  177    1
  644  606  607  596    1
  645   81   56   59    1
  646  218  217  203    1
  647  141  153  154    1
  648   36   37   54    1
  649  330  352  329    1
  650  204  209  194    1
  651   37   56   57    1
  652  347  348  326    1
  653   37   57   54    1
  654  154  152  141    1
  655  188  177  178    1
  656  396  418  395    1
  657  154  153  163    1
  658   81   76   57    1
  659  218  203  215    1
  660   57   76   54    1
  661  199  188  190    1
  662  634  625  624    1
  663  104   82   80    1
  664  286  265  266    1
  665  289  291  309    1
  666  177  165  166    1
  667  215  203  200    1
  668   82   72   58    1
  669  357  372  380    1
  670  167  178  177    1
  671    7    8   15    1
  672  204  194  191    1
  673  203  202  190    1
  674   82   58   80    1
  675  189  190  178    1
  676  348  357  333    1
  677  600  597  607    1
  678   58   72   50    1
  679  225  215  208    1
  680  306  286  287    1
  681  166  155  156    1
  682  372  348  349    1
  683   12    6   13    1
  684  245  263  264    1
  685   72   67   50    1
  686  208  215  200    1
  687  607  597  596    1
  688   80   58   55    1
  689  166  156  167    1
  690   58   50   38    1
  691  356  334  332    1
  692   38   36   55    1
  693  224  208  207    1
  694   12   13   21    1
  695   38   55   58    1
  696  245  264  246    1
  697  372  349  350    1
  698  188  178  190    1
  699  330  329  307    1
  700  207  208  193    1
  701  126  104  124    1
  702  189  178  179    1
  703  624  625  614    1
  704  126  124  140    1
  705  356  332  357    1
  706  155  144  156    1
  707  374  396  373    1
  708  223  224  207    1
  709   13    6   14    1
  710  124  125  140    1
  711  189  179  182    1
  712  245  246  229    1
  713  330  307  308    1
  714  140  125  141    1
  715  170  182  179    1
  716  126  140  142    1
  717  200  203  190    1
  718  332  334  311    1
  719  418  402  395    1
  720  142  140  141    1
  721  167  179  178    1
  722    6    7   14    1
  723  620  609  621    1
  724  125  139  141    1
  725  177  166  167    1
  726  152  142  141    1
  727  200  190  189    1
  728  307  329  306    1
  729  349  347  327    1
  730  113  134  135    1
  731  151  162  160    1
  732  229  246  238    1
  733  133  113  135    1
  734   14    7   15    1
  735  160  162  174    1
  736  332  311  310    1
  737  135  134  151    1
  738  349  327  350    1
  739  200  189  193    1
  740  135  151  150    1
  741  151  152  162    1
  742  151  134  152    1
  743  330  308  331    1
  744  627  616  626    1
  745  160  150  151    1
  746   14   15   24    1
  747  372  350  373    1
  748  104   80  102    1
  749  193  208  200    1
  750  311  334  331    1
  751  102   80   78    1
  752  246  264  257    1
  753  102   78   79    1
  754  189  182  193    1
  755   13   14   24    1
  756  373  350  374    1
  757    2    1    3    1
  758   78   80   55    1
  759  308  307  288    1
  760  597  586  583    1
  761  303  317  327    1
  762  182  171  183    1
  763  332  310  333    1
  764   22   12   21    1
  765   78   55   54    1
  766  246  257  238    1
  767   64   44   60    1
  768   79   78   54    1
  769   21   13   25    1
  770  397  374  375    1
  771  183  171  180    1
  772   55   36   54    1
  773  616  628  617    1
  774   36   25   24    1
  775  310  311  289    1
  776  375  374  350    1
  777   25   13   24    1
  778  262  270  251    1
  779   77   79   54    1
  780  183  180  191    1
  781  303  296  317    1
  782   60   44   41    1
  783  162  152  154    1
  784  257  256  238    1
  785  384  375  360    1
  786  162  154  164    1
  787  171  169  180    1
  788  162  164  174    1
  789   60   41   42    1
  790  306  287  307    1
  791  312  289  311    1
  792  360  375  351    1
  793  606  596  608    1
  794  164  154  163    1
  795  124  104  102    1
  796  175  174  164    1
  797  228  229  238    1
  798  360  351  337    1
  799   41   44   30    1
  800  125  124  103    1
  801   22   21   32    1
  802  570  579  585    1
  803  337  351  327    1
  804   83   84   60    1
  805  312  311  331    1
  806  125  103  123    1
  807  287  286  266    1
  808  351  375  350    1
  809  144  148  157    1
  810   21   25   33    1
  811   41   30   28    1
  812  619  606  608    1
  813  351  350  327    1
  814  123  103  101    1
  815  289  309  310    1
  816  383  384  360    1
  817   47   32   33    1
  818  327  317  337    1
  819  157  148  149    1
  820   41   28   42    1
  821  287  266  267    1
  822  263  284  264    1
  823   21   33   32    1
  824  103  124  102    1
  825  264  284  279    1
  826   33   25   38    1
  827  257  264  279    1
  828  623  624  613    1
  829  256  257  278    1
  830  310  309  313    1
  831   28   30   18    1
  832   33   38   50    1
  833  102   79  103    1
  834  276  256  278    1
  835   67   47   50    1
  836  278  257  279    1
  837  118  119   97    1
  838  158  157  149    1
  839   50   47   33    1
  840  308  288  290    1
  841   28   18   17    1
  842  139  125  123    1
  843  309  291  292    1
  844   38   25   36    1
  845  610  608  599    1
  846    4    1    5    1
  847   79   77  101    1
  848  149  150  159    1
  849  309  292  313    1
  850   79  101  103    1
  851  613  624  614    1
  852  288  307  287    1
  853  149  159  158    1
  854  599  608  596    1
  855  158  159  169    1
  856   23   31   20    1
  857   51   34   48    1
  858  626  616  615    1
  859  310  313  333    1
  860   86   83   62    1
  861  161  169  159    1
  862  586  572  583    1
  863  104  126  105    1
  864  615  616  605    1
  865  308  290  312    1
  866   68   70   49    1
  867  105  126  127    1
  868  333  313  326    1
  869    9    4   10    1
  870  610  599  598    1
  871  105  127  113    1
  872  597  583  594    1
  873  115  118   97    1
  874  127  126  142    1
  875  597  594  596    1
  876  127  142  134    1
  877  625  615  614    1
  878  333  326  348    1
  879  127  134  113    1
  880  312  290  289    1
  881  594  583  581    1
  882   28   17   29    1
  883  115   97   93    1
  884  134  142  152    1
  885  594  581  582    1
  886  585  599  595    1
  887  333  357  332    1
  888  604  614  615    1
  889  106   86   85    1
  890  115   93   94    1
  891    8   16   15    1
  892   39   27   40    1
  893   17   18    9    1
  894  584  585  595    1
  895  616  617  605    1
  896  292  270  282    1
  897  289  290  268    1
  898  582  595  596    1
  899   16   27   26    1
  900   93   97   73    1
  901   17    9   10    1
  902  595  599  596    1
  903   16   26   15    1
  904  326  313  304    1
  905   73   51   69    1
  906  596  594  582    1
  907  605  617  609    1
  908   26   27   39    1
  909  570  582  567    1
  910  290  288  268    1
  911  567  582  581    1
  912   94   93   71    1
  913   17   10   19    1
  914  292  282  283    1
  915  107  106   87    1
  916  557  570  567    1
  917   24   15   26    1
  918  525  523  508    1
  919   94   71   70    1
  920   26   39   37    1
  921  609  617  621    1
  922   28   29   42    1
  923  524  525  508    1
  924   40   56   39    1
  925  269  270  291    1
  926  262  260  282    1
  927  508  523  506    1
  928   71   93   69    1
  929  507  508  487    1
  930   39   56   37    1
  931  621  617  628    1
  932   29   17   19    1
  933  261  283  282    1
  934   56   40   59    1
  935   71   69   49    1
  936   24   26   37    1
  937  528  525  524    1
  938   36   24   37    1
  939  266  265  248    1
  940  511  528  524    1
  941   29   19   31    1
  942  326  304  302    1
  943  612  613  602    1
  944  108  107   89    1
  945   73   69   93    1
  946  508  507  524    1
  947  523  522  506    1
  948   69   51   48    1
  949  304  313  292    1
  950  508  506  487    1
  951   31   43   29    1
  952   69   48   49    1
  953  602  613  603    1
  954  537  551  541    1
  955  325  347  326    1
  956   48   34   32    1
  957  266  248  249    1
  958  537  541  526    1
  959  292  283  304    1
  960   29   43   42    1
  961   48   32   49    1
  962  541  551  544    1
  963  598  585  593    1
  964   70   71   49    1
  965  537  526  522    1
  966  304  283  281    1
  967   10    4    5    1
  968   68   49   47    1
  969  308  312  331    1
  970  526  541  527    1
  971  260  241  240    1
  972   47   49   32    1
  973   11   19   10    1
  974  601  602  589    1
  975  108   89   88    1
  976   34   22   32    1
  977  509  522  526    1
  978   67   68   47    1
  979  261  260  240    1
  980  551  557  544    1
  981    5    1    2    1
  982  287  267  288    1
  983  541  544  530    1
  984  304  281  302    1
  985  541  530  527    1
  986  588  601  589    1
  987  530  512  527    1
  988    5    2    6    1
  989  433  451  430    1
  990  302  281  280    1
  991  267  266  249    1
  992  302  280  303    1
  993   89  107   87    1
  994    3    7    2    1
  995  621  628  632    1
  996  261  259  281    1
  997    2    7    6    1
  998  281  259  280    1
  999  267  249  250    1
 1000  609  598  605    1
 1001    7    3    8    1
 1002  241  223  240    1
 1003   23   20   12    1
 1004  282  260  261    1
 1005  589  602  590    1
 1006   89   87   66    1
 1007  281  283  261    1
 1008   20   31   19    1
 1009  268  291  289    1
 1010   20   19   11    1
 1011  240  259  261    1
 1012  602  603  590    1
 1013  296  303  280    1
 1014   20   11   12    1
 1015  248  247  231    1
 1016  296  275  273    1
 1017   10    5   11    1
 1018  603  613  614    1
 1019   11    5    6    1
 1020  273  275  255    1
 1021   60   84   64    1
 1022    6   12   11    1
 1023  232  249  248    1
 1024   22   23   12    1
 1025  591  577  590    1
 1026  255  237  253    1
 1027  271  272  253    1
 1028  564  578  579    1
 1029  288  267  268    1
 1030  145  146  129    1
 1031  255  253  273    1
 1032   87  106   85    1
 1033  253  237  236    1
 1034  578  577  592    1
 1035  231  230  216    1
 1036   70   68   92    1
 1037  253  236  252    1
 1038  598  593  605    1
 1039  235  252  236    1
 1040  267  250  268    1
 1041  118  115  136    1
 1042  593  585  579    1
 1043  236  237  219    1
 1044   87   85   63    1
 1045  272  273  253    1
 1046  146  147  130    1
 1047  250  249  233    1
 1048  253  252  271    1
 1049  593  579  592    1
 1050  256  271  252    1
 1051  592  579  578    1
 1052  136  115  116    1
 1053  268  250  269    1
 1054  109  108   88    1
 1055  593  592  604    1
 1056  136  116  137    1
 1057  593  604  605    1
 1058  291  268  269    1
 1059  116  115   94    1
 1060  604  592  591    1
 1061  109   88  100    1
 1062  270  269  251    1
 1063  604  591  603    1
 1064  147  138  132    1
 1065  590  603  591    1
 1066  234  251  250    1
 1067   94   70   95    1
 1068  577  591  592    1
 1069  119  121  120    1
 1070  570  564  579    1
 1071  251  269  250    1
 1072  564  570  557    1
 1073  138  137  117    1
 1074  604  603  614    1
 1075  615  605  604    1
 1076  412  390  414    1
 1077  119  120   97    1
 1078  412  414  431    1
 1079  138  117  132    1
 1080  233  249  232    1
 1081  431  414  410    1
 1082  230  214  216    1
 1083  412  431  435    1
 1084  117  137  116    1
 1085  410  430  431    1
 1086  451  435  431    1
 1087  217  218  233    1
 1088   98   73   97    1
 1089  132  117  114    1
 1090  248  231  232    1
 1091  232  231  216    1
 1092  116   94   95    1
 1093  120  121   99    1
 1094  234  225  242    1
 1095  147  132  130    1
 1096  218  225  234    1
 1097  112  110  130    1
 1098  122  109  100    1
 1099  216  217  232    1
 1100   95   70   92    1
 1101  233  232  217    1
 1102  122  100   99    1
 1103   95   92  114    1
 1104  262  251  242    1
 1105  112  114   92    1
 1106  241  262  242    1
 1107   99  100   74    1
 1108   95  114  117    1
 1109  225  224  242    1
 1110  218  234  233    1
 1111   95  117  116    1
 1112   85   86   62    1
 1113  250  233  234    1
 1114  242  251  234    1
 1115  241  224  223    1
 1116  132  114  112    1
 1117  167  156  168    1
 1118  146  130  129    1
 1119  167  168  170    1
 1120   85   62   61    1
 1121  168  156  157    1
 1122  145  129  144    1
 1123  168  157  158    1
 1124  157  156  144    1
 1125  130  132  112    1
 1126  121  122   99    1
 1127  179  167  170    1
 1128  170  168  158    1
 1129  110  112   90    1
 1130  182  170  171    1
 1131  171  170  158    1
 1132   92   90  112    1
 1133  171  158  169    1
 1134   92   68   90    1
 1135  130  110  129    1
 1136   62   83   60    1
 1137   68   67   90    1
 1138  120   99   98    1
 1139  100   88   75    1
 1140   88   89   65    1
 1141   97  120   98    1
 1142   73   98   74    1
 1143   74   98   99    1
 1144   74  100   75    1
 1145   74   75   52    1
 1146   75   88   65    1
 1147   65   89   66    1
 1148   65   66   45    1
 1149   75   65   53    1
 1150   66   87   63    1
 1151   46   45   66    1
 1152   63   85   61    1
 1153   63   61   43    1
 1154   61   62   42    1
 1155   61   42   43    1
 1156   42   62   60    1
 1157   51   73   74    1
 1158   52   75   53    1
 1159   35   34   52    1
 1160   34   51   52    1
 1161   74   52   51    1
 1162   53   65   45    1
 1163   53   45   35    1
 1164   35   45   31    1
 1165   63   43   46    1
 1166   43   31   46    1
 1167   46   31   45    1
 1168   66   63   46    1
 1169   52   53   35    1
 1170   31   23   35    1
 1171   35   23   22    1
 1172   34   35   22    1
    1    1 2.00000e-01 2.40000e+09 1.00000e+00 0.00000e+00 0.00000e+00
  521    1    1    1
  378    1    1    1
  476        1.00000        1.00000        0.00000
  646        1.00000        1.00000        0.00000
  144      100.00000        0.00000        0.00000
   64        0.00000     -100.00000        0.00000
15000        0.00000        0.00000        0.00000
