Example Tee
   0.00000   0.00000
  467  794    2    1    0    3    0    0    1 1000    3
    0
    1       50.00000        0.00000        0.00000
    2       26.44381       24.66229        0.00000
    3        0.00000        0.00000        0.00000
    4      200.00000       50.00000        0.00000
    5      222.48428       50.02536        0.00000
    6      211.86870       62.08136        0.00000
    7        0.00000       50.00000        0.00000
    8      200.00000      150.00000        0.00000
    9      200.00000      135.54747        0.00000
   10      213.54402      140.68561        0.00000
   11      100.00000        0.00000        0.00000
   12       90.82972        7.71548        0.00000
   13       86.07152        0.00000        0.00000
   14      198.79738       12.54949        0.00000
   15      200.00000        0.00000        0.00000
   16      207.91400        8.28177        0.00000
   17      200.00000       73.46717        0.00000
   18      200.00000      119.95731        0.00000
   19      155.21025       43.41858        0.00000
   20      150.00000       50.00000        0.00000
   21      149.77913       41.72248        0.00000
   22       80.25579       12.51275        0.00000
   23      225.00846       74.83276        0.00000
   24      108.29002       50.00000        0.00000
   25      100.00000       50.00000        0.00000
   26      106.41499       43.02260        0.00000
   27      142.98024        7.52517        0.00000
   28      136.71010       13.01945        0.00000
   29      135.63637        5.94256        0.00000
   30      243.34990      156.76553        0.00000
   31      237.59136      162.64346        0.00000
   32      236.71516      155.29530        0.00000
   33      200.00000      200.00000        0.00000
   34      209.21596      200.34176        0.00000
   35      205.95664      206.50116        0.00000
   36      236.22782      117.17997        0.00000
   37      223.44134      128.87459        0.00000
   38      216.30298      115.53926        0.00000
   39      208.15847       16.88537        0.00000
   40      200.00000      260.38701        0.00000
   41      200.00000      250.00000        0.00000
   42      207.98272      256.23658        0.00000
   43       70.89605       26.07380        0.00000
   44       63.63140       38.56079        0.00000
   45       50.98611       28.24779        0.00000
   46      200.00000      100.00000        0.00000
   47      210.65767      128.12085        0.00000
   48      161.37224       39.07334        0.00000
   49      214.77017        0.00000        0.00000
   50      250.00000       50.00000        0.00000
   51       64.67494       13.36687        0.00000
   52      140.26144        0.00000        0.00000
   53      241.83100      148.68325        0.00000
   54      209.53177      265.37717        0.00000
   55      112.86806       44.52452        0.00000
   56      200.00000      209.88367        0.00000
   57       71.23672        0.00000        0.00000
   58      192.60338        6.18896        0.00000
   59      188.74004       12.61332        0.00000
   60      189.47817        0.00000        0.00000
   61      250.00000      150.00000        0.00000
   62      250.00000      140.23031        0.00000
   63      212.86892      247.57057        0.00000
   64      196.77593       32.00079        0.00000
   65      202.04892       22.40139        0.00000
   66      214.21219       29.20662        0.00000
   67      130.30800        0.00000        0.00000
   68      227.61339       99.18937        0.00000
   69      116.62597       50.00000        0.00000
   70      221.77969      150.37904        0.00000
   71      211.90788      152.09871        0.00000
   72      207.72877      214.88356        0.00000
   73      217.54258      257.79671        0.00000
   74      250.00000      100.00000        0.00000
   75      232.51224      149.11928        0.00000
   76      227.73462      140.25975        0.00000
   77      124.95845       50.00000        0.00000
   78      127.86332        9.17738        0.00000
   79       50.00000       50.00000        0.00000
   80      182.54253       19.45326        0.00000
   81      180.29469       10.58058        0.00000
   82      229.37361        0.00000        0.00000
   83      217.82913       11.81484        0.00000
   84      212.85307      207.47107        0.00000
   85       31.17596       45.05152        0.00000
   86      238.73244      140.87568        0.00000
   87      228.71011      159.47173        0.00000
   88      112.42482       37.95558        0.00000
   89      206.60943      193.30798        0.00000
   90      224.81872      249.55233        0.00000
   91      175.55966       26.28239        0.00000
   92      173.44571       17.34349        0.00000
   93      150.00000        0.00000        0.00000
   94      232.54364       16.48469        0.00000
   95      120.44969       41.73691        0.00000
   96       50.00000      300.00000        0.00000
   97       31.93342      317.86946        0.00000
   98       24.04223      299.84466        0.00000
   99      216.85901      200.29094        0.00000
  100      229.20717      259.38219        0.00000
  101      168.42332       32.78902        0.00000
  102      166.65131       23.99954        0.00000
  103       14.76101      314.69358        0.00000
  104      231.89897      170.25688        0.00000
  105      200.00000      272.48869        0.00000
  106      250.00000        0.00000        0.00000
  107        0.00000      300.00000        0.00000
  108      130.62686       18.89382        0.00000
  109      240.93714      199.70433        0.00000
  110      233.37394      199.77166        0.00000
  111      237.32801      192.56271        0.00000
  112      236.65314      131.78832        0.00000
  113      250.00000       76.33998        0.00000
  114      238.15546       87.59053        0.00000
  115      200.00000      191.11190        0.00000
  116       17.86579      331.79349        0.00000
  117        0.00000      323.93254        0.00000
  118      210.75943      276.69444        0.00000
  119      243.57162      206.76555        0.00000
  120      118.62545       32.26261        0.00000
  121       98.80741       39.68376        0.00000
  122      164.51167       15.55294        0.00000
  123      244.13003      193.47399        0.00000
  124        0.00000      350.00000        0.00000
  125      205.44482      186.26067        0.00000
  126      235.62549      270.91232        0.00000
  127      250.00000      116.88032        0.00000
  128      250.00000      128.28587        0.00000
  129      127.42639       34.48985        0.00000
  130      105.56992       36.10145        0.00000
  131       50.00000      325.76866        0.00000
  132      250.00000      200.00000        0.00000
  133      159.90726       30.29486        0.00000
  134      211.94466      187.53474        0.00000
  135      240.19881      258.84110        0.00000
  136      229.29844      192.16569        0.00000
  137       35.05534      334.94595        0.00000
  138      130.05507       42.93138        0.00000
  139      220.98247      207.87503        0.00000
  140       69.24449      377.42030        0.00000
  141       62.35730      387.13984        0.00000
  142       59.82856      376.17446        0.00000
  143      236.19735      250.52224        0.00000
  144      243.84640      135.29505        0.00000
  145      208.60175      178.12604        0.00000
  146       25.52001      349.29290        0.00000
  147      158.33548       21.86118        0.00000
  148      110.01703       30.20399        0.00000
  149      124.75882       25.62706        0.00000
  150      233.84638      185.01734        0.00000
  151       50.00000      350.00000        0.00000
  152       66.70008      365.84978        0.00000
  153      250.00000      250.00000        0.00000
  154      200.00000      181.20353        0.00000
  155      216.43596      214.98916        0.00000
  156       99.66116       29.63613        0.00000
  157       49.93740      382.71938        0.00000
  158      225.14006      200.02030        0.00000
  159      200.00000      284.11989        0.00000
  160       50.00000      250.00000        0.00000
  161       50.00000      264.91919        0.00000
  162       36.24196      259.14775        0.00000
  163       51.21422      367.86428        0.00000
  164      137.11428       36.71948        0.00000
  165      211.22362      288.10245        0.00000
  166      157.06631       14.77535        0.00000
  167      217.95989      181.44878        0.00000
  168       39.26875      271.78643        0.00000
  169      222.86750      281.41295        0.00000
  170      116.06193       23.61214        0.00000
  171      230.33030      208.54217        0.00000
  172      216.62882      171.82909        0.00000
  173      137.12525       44.55994        0.00000
  174      150.95736       27.70607        0.00000
  175       26.26164      270.21086        0.00000
  176       50.00000      400.00000        0.00000
  177      200.00000      300.00000        0.00000
  178      220.92232      268.59596        0.00000
  179      224.48854      175.63221        0.00000
  180      150.00000      400.00000        0.00000
  181      161.79045      386.08938        0.00000
  182      172.52469      400.00000        0.00000
  183       80.11775      371.54424        0.00000
  184      242.38491      185.05110        0.00000
  185       50.00000      280.31925        0.00000
  186      177.10325      376.57609        0.00000
  187      133.43024       27.55250        0.00000
  188      200.00000      350.00000        0.00000
  189      199.18750      366.07851        0.00000
  190       77.92359      359.68030        0.00000
  191      160.50599        7.04466        0.00000
  192      223.71314      167.63156        0.00000
  193      200.00000      400.00000        0.00000
  194      222.47116      298.24148        0.00000
  195      211.89452      310.72007        0.00000
  196       88.78458      361.04202        0.00000
  197      121.99826       16.95572        0.00000
  198       33.88240      284.07683        0.00000
  199      133.27338       50.00000        0.00000
  200      237.32483      205.43834        0.00000
  201      200.00000      323.08587        0.00000
  202       84.59771      350.00000        0.00000
  203      208.24104      167.16013        0.00000
  204      225.09997      321.54655        0.00000
  205      151.16434       18.81196        0.00000
  206       13.73564      282.22922        0.00000
  207      106.98024       21.63077        0.00000
  208       69.42792      350.00000        0.00000
  209      237.29723      177.61414        0.00000
  210      110.19166      389.64235        0.00000
  211      117.90220      381.75739        0.00000
  212      115.57789      400.00000        0.00000
  213      141.56488       50.00000        0.00000
  214      238.46222      212.38515        0.00000
  215      250.00000      300.00000        0.00000
  216      100.00000      350.00000        0.00000
  217      216.22902      347.22900        0.00000
  218      100.00000      400.00000        0.00000
  219       59.33555      358.42852        0.00000
  220      250.00000      350.00000        0.00000
  221      143.63002       43.11995        0.00000
  222      226.05868      184.04495        0.00000
  223      139.98511      357.77679        0.00000
  224      150.00000      350.00000        0.00000
  225      146.86311      366.32318        0.00000
  226      216.90816      161.00446        0.00000
  227      133.85619      365.51610        0.00000
  228      113.37493       14.98369        0.00000
  229      223.08330      372.66150        0.00000
  230      171.38438        8.42028        0.00000
  231      125.66488      373.71551        0.00000
  232      128.63229      385.45789        0.00000
  233      250.00000      190.01427        0.00000
  234       98.73166      374.95264        0.00000
  235       99.36093      385.64213        0.00000
  236       89.49362      379.92658        0.00000
  237      250.00000      400.00000        0.00000
  238      120.67234      391.37153        0.00000
  239      151.00306       10.61981        0.00000
  240       91.20232      370.42068        0.00000
  241      224.44778      215.91980        0.00000
  242        7.15167      242.97903        0.00000
  243       12.83083      237.37643        0.00000
  244       14.07668      244.34769        0.00000
  245      137.25083      376.93739        0.00000
  246      200.00000      171.42878        0.00000
  247      200.00000      162.14797        0.00000
  248       90.04265      390.43517        0.00000
  249      141.96585       28.51031        0.00000
  250      104.44233       12.12645        0.00000
  251       10.16010      250.04950        0.00000
  252      230.71796      178.51310        0.00000
  253       98.90443      364.64014        0.00000
  254      137.54740      350.00000        0.00000
  255      111.36321        6.09125        0.00000
  256      139.23549      388.82869        0.00000
  257       97.64612       19.10610        0.00000
  258      131.64602      356.91202        0.00000
  259      232.81270      218.30820        0.00000
  260      220.03170      191.44029        0.00000
  261      131.05768      400.00000        0.00000
  262      207.41142      158.48225        0.00000
  263      125.08540      350.00000        0.00000
  264        0.00000      250.00000        0.00000
  265      120.45400        0.00000        0.00000
  266      169.82855        0.00000        0.00000
  267      226.55469      224.31399        0.00000
  268      121.77834      361.22918        0.00000
  269      149.19835      381.71451        0.00000
  270      138.73489       20.98102        0.00000
  271      200.00000      219.82299        0.00000
  272      119.01074        9.44161        0.00000
  273      179.71964        0.00000        0.00000
  274       18.45415      250.01950        0.00000
  275      250.00000      209.21443        0.00000
  276      205.97535      223.26971        0.00000
  277      145.42478       22.31421        0.00000
  278       77.56448      386.63802        0.00000
  279       37.60956      388.20138        0.00000
  280       96.73143       10.81733        0.00000
  281      153.90380       36.32219        0.00000
  282      112.66726      350.00000        0.00000
  283       38.92864      377.00200        0.00000
  284      114.63042      371.17742        0.00000
  285      219.79799      221.46426        0.00000
  286       21.78599      240.89248        0.00000
  287       27.34060      400.00000        0.00000
  288      206.12789      241.97743        0.00000
  289      212.29483      237.42396        0.00000
  290       83.82469      400.00000        0.00000
  291       22.01111      381.31323        0.00000
  292      110.79994        0.00000        0.00000
  293      200.00000      239.28033        0.00000
  294      107.76448      378.89495        0.00000
  295      218.68358      229.76367        0.00000
  296      221.49273      239.92635        0.00000
  297       33.99098      364.92855        0.00000
  298      161.06237       50.00000        0.00000
  299       67.87089      400.00000        0.00000
  300      212.97230      222.34041        0.00000
  301       18.73829      229.96006        0.00000
  302        0.00000      400.00000        0.00000
  303      228.64644      233.16929        0.00000
  304        6.41186      193.30841        0.00000
  305        0.00000      200.00000        0.00000
  306        0.00000      190.96276        0.00000
  307       50.00000      100.00000        0.00000
  308       28.66230       98.81840        0.00000
  309       39.27805       86.76594        0.00000
  310      108.95841      361.20742        0.00000
  311       50.00000       75.89788        0.00000
  312      235.22991      227.20970        0.00000
  313       43.52926      206.77243        0.00000
  314       50.00000      200.00000        0.00000
  315       50.00000      209.17834        0.00000
  316       28.44519       72.36196        0.00000
  317      186.16718        5.87657        0.00000
  318       11.52770      187.67426        0.00000
  319      192.35183       21.33593        0.00000
  320      209.24043      229.67390        0.00000
  321        0.00000      100.00000        0.00000
  322      105.79788      370.17451        0.00000
  323       44.11513      156.90818        0.00000
  324       37.96337      161.28115        0.00000
  325       37.78960      148.71316        0.00000
  326      146.22507       35.68341        0.00000
  327       38.33595      212.45912        0.00000
  328      238.32043      235.70660        0.00000
  329      200.00000      229.64314        0.00000
  330      185.24657       29.08483        0.00000
  331      159.86344        0.00000        0.00000
  332      244.10495      176.59197        0.00000
  333       50.00000      150.00000        0.00000
  334       16.30442      364.10119        0.00000
  335      177.36545       35.55449        0.00000
  336      242.05516      221.42861        0.00000
  337       31.43826      169.63611        0.00000
  338       28.52643      158.61468        0.00000
  339       26.32783      224.42335        0.00000
  340       28.17854      233.19711        0.00000
  341       91.10130       50.00000        0.00000
  342      240.86943      170.18866        0.00000
  343      169.88081       41.80924        0.00000
  344       23.48754      175.44958        0.00000
  345       21.35838      166.23887        0.00000
  346      144.33624       15.54527        0.00000
  347        0.00000      374.97126        0.00000
  348       90.51856       15.07615        0.00000
  349      250.00000      170.06757        0.00000
  350       17.18670      181.66000        0.00000
  351       14.77577      172.61404        0.00000
  352      244.81780      213.78388        0.00000
  353      233.84802       33.92933        0.00000
  354        7.23511      256.41972        0.00000
  355      186.92050       40.01311        0.00000
  356      250.00000      219.12568        0.00000
  357       34.44551      227.47091        0.00000
  358        0.00000      260.52370        0.00000
  359      205.53263      235.59975        0.00000
  360       11.62523      163.98639        0.00000
  361      250.00000       23.92998        0.00000
  362      212.93215      194.58314        0.00000
  363        0.00000      272.44562        0.00000
  364       32.56454      218.42517        0.00000
  365       86.91650       25.18257        0.00000
  366        7.94199      178.61217        0.00000
  367       14.06451      256.07144        0.00000
  368      250.00000      263.36951        0.00000
  369       28.11163      249.72976        0.00000
  370       37.54383      248.22196        0.00000
  371       41.75300      221.74019        0.00000
  372       90.73738       35.37944        0.00000
  373      236.19283      285.87986        0.00000
  374       22.51618      258.41082        0.00000
  375      231.78441      242.03036        0.00000
  376        5.17631      186.32089        0.00000
  377       42.18381      232.01180        0.00000
  378      250.00000      278.83253        0.00000
  379      178.19760       43.47537        0.00000
  380       11.97330      265.18734        0.00000
  381      243.12110      230.28592        0.00000
  382       78.41163       38.44622        0.00000
  383      244.36214      163.96184        0.00000
  384      172.87383       50.00000        0.00000
  385       89.70929       43.91824        0.00000
  386      250.00000      160.14398        0.00000
  387       17.94164      157.11147        0.00000
  388      250.00000      228.87913        0.00000
  389      250.00000      238.20554        0.00000
  390      183.94740       50.00000        0.00000
  391       50.00000      140.10950        0.00000
  392        0.00000      181.04684        0.00000
  393       44.72364      213.84807        0.00000
  394       79.19804       50.00000        0.00000
  395       50.00000      116.25057        0.00000
  396       50.00000      127.97553        0.00000
  397       37.05426      117.58054        0.00000
  398       67.71466       50.00000        0.00000
  399       24.19879      148.84062        0.00000
  400       13.04690      148.88461        0.00000
  401       18.66386      139.93740        0.00000
  402       50.00000      219.09027        0.00000
  403       28.84455      140.23556        0.00000
  404        0.00000      283.74094        0.00000
  405        8.67679      141.33577        0.00000
  406      250.00000      180.02787        0.00000
  407        6.86860      169.68448        0.00000
  408       25.26685      129.82916        0.00000
  409      163.73402      350.00000        0.00000
  410      157.62094      360.03657        0.00000
  411        0.00000      171.26813        0.00000
  412        0.00000      161.94166        0.00000
  413        0.00000      150.00000        0.00000
  414      160.00558      372.08183        0.00000
  415       38.15921      134.07391        0.00000
  416       40.87969      199.67250        0.00000
  417      241.26044      243.29295        0.00000
  418       32.08739      241.31341        0.00000
  419      167.43295      361.73890        0.00000
  420       33.25262      199.72681        0.00000
  421        9.05729      200.34007        0.00000
  422       16.65303      200.27200        0.00000
  423       12.74172      207.46792        0.00000
  424       44.07527      193.48859        0.00000
  425       35.62996      234.96392        0.00000
  426        5.89622      206.54454        0.00000
  427      178.70097      350.00000        0.00000
  428       50.00000      190.11715        0.00000
  429       20.86521      207.85712        0.00000
  430       42.29892      185.05761        0.00000
  431       50.00000      228.84794        0.00000
  432       50.00000      238.17258        0.00000
  433        8.52275      156.38483        0.00000
  434       16.37762      215.02231        0.00000
  435       37.19538      192.51504        0.00000
  436       24.95089      200.00725        0.00000
  437        7.70973      214.97475        0.00000
  438       19.66113      191.48892        0.00000
  439       41.24083      240.78061        0.00000
  440       30.21731      208.54864        0.00000
  441       29.04338      192.12913        0.00000
  442       24.34343      215.96598        0.00000
  443       12.66220      194.61673        0.00000
  444       33.59101      184.92867        0.00000
  445       19.74850      221.56088        0.00000
  446       25.54440      184.00348        0.00000
  447       12.99332      222.46544        0.00000
  448        0.00000      209.97851        0.00000
  449       37.24297      205.43590        0.00000
  450       30.23739      178.29437        0.00000
  451       50.00000      180.17298        0.00000
  452       44.06807      176.58812        0.00000
  453       50.00000      160.67875        0.00000
  454        6.01834      223.43332        0.00000
  455       40.87021      169.85748        0.00000
  456        9.40846      229.85781        0.00000
  457       37.08398      177.39373        0.00000
  458        0.00000      229.90787        0.00000
  459        5.87819      235.98532        0.00000
  460       50.00000      170.33947        0.00000
  461        0.00000      239.80548        0.00000
  462        0.00000      219.96057        0.00000
  463       44.58974      163.81300        0.00000
  464        0.00000      136.96940        0.00000
  465        0.00000      121.33887        0.00000
  466       17.10943      116.40907        0.00000
  467       11.61949      130.96994        0.00000
    1    1    2    3    1    34.10458759    36.15941642    50.00000000
    2    4    5    6    1    22.48429926    16.06355349    16.93592118
    3    3    2    7    1    36.15941642    36.62341255    50.00000000
    4    8    9   10    1    14.45253140    14.48589222    16.43771252
    5   11   12   13    1    11.98426678     9.06472035    13.92848420
    6   14   15   16    1    12.60698061    11.45508895    10.06608598
    7    4    6   17    1    16.93592118    16.44697045    23.46717419
    8   47   10    9    1    12.89202621    14.48589222    12.99001980
    9   19   20   21    1     8.39415064     8.28046485     5.68979250
   10   13   12   22    1     9.06472035    11.61127570    13.79824264
   11   17    6   23    1    16.44697045    18.30987324    25.04572041
   12   24   25   26    1     8.29001944     9.47819605     7.22494869
   13   27   28   29    1     8.33677473     7.15788308     7.51246244
   14   30   31   32    1     8.22865810     7.40021116     6.79568738
   15   33   34   35    1     9.22229422     6.96860254     8.81740180
   16   36   37   38    1    17.32795629    15.12571273    19.99227713
   17   14   16   39    1    10.06608598     8.60707573    10.31648836
   18   40   41   42    1    10.38701268    10.13008917     8.99721245
   19   23    6    5    1    18.30987324    16.06355349    24.93548751
   20   43   44   45    1    14.44645446    16.31751360    20.02827444
   21   17   23   46    1    25.04572041    35.47975873    26.53282581
   22   37   10   47    1    15.40964617    12.89202621    12.80587253
   23  281   48   19    1     7.95904884     7.53997775     7.21565145
   24   16   15   49    1    11.45508895    14.77017364    10.75150687
   25   23    5   50    1    24.93548751    27.51572672    35.23127591
   26   22   43   51    1    16.47746500    14.14808255    15.60425160
   27   27   29   52    1     7.51246244     7.53028973     8.00125209
   28   30   32   53    1     6.79568738     8.36008769     8.22376196
   29   40   42   54    1     8.99721245     9.27092047    10.75901139
   30   37   47   38    1    12.80587253    13.79006831    15.12571273
   31   24   26   55    1     7.22494869     6.62555097     7.13718197
   32   33   35   56    1     8.81740180     6.85002873     9.88366911
   33   83   39   16    1    10.91933829     8.60707573    10.52580065
   34    9   18   47    1    15.59015557    13.42494700    12.99001980
   35   57   13   22    1    14.83479095    13.79824264    15.42441187
   36  317   60   58    1     6.74512417     6.93326494     6.44377159
   37   61   53   62    1     8.27444045    11.75519728     9.76968554
   38   42   41   63    1    10.13008917    13.09622631     9.94860715
   39   47   18   38    1    13.42494700    16.89101682    13.79006831
   40   64   65   66    1    10.95229787    13.93759179    17.65872593
   41   52   29   67    1     7.53028973     7.98157503     9.95343929
   42   22   51   57    1    15.60425160    14.89060859    15.42441187
   43   30   53   61    1     8.22376196     8.27444045     9.48663456
   44   36   38   68    1    19.99227713    19.88074698    19.94668782
   45   24   55   69    1     7.13718197     6.64099359     8.33595267
   46   70   71   10    1    10.02047430    11.52977359    12.71961930
   47   56   35   72    1     6.85002873     8.56767671     9.20503919
   48   14   39   65    1    10.31648836     8.23122796    10.37460647
   49   68   38   46    1    19.88074698    22.52233829    27.62528244
   50   58   60   15    1     6.93326494    10.52183173     9.64433528
   51   57   51    1    1    14.89060859    19.85011009    21.23672485
   52   42   63   73    1     9.94860715    11.24353533     9.68632716
   53   36   68   74    1    19.94668782    22.40128557    22.01872839
   54   65   39   66    1     8.23122796    13.72809939    13.93759179
   55   51   43   45    1    14.14808255    20.02827444    20.21944221
   56   53   32   75    1     8.36008769     7.47045917     9.32896098
   57   18   46   38    1    19.95731303    22.52233829    16.89101682
   58   75   70   76    1    10.80622406    11.74142896    10.06562869
   59   95   77   69    1     9.41316114     8.33247761     9.10491598
   60   67   29   78    1     7.98157503     8.41928889     9.49740722
   61   45   44   79    1    16.31751360    17.79524379    21.77454768
   62   59   80   81    1     9.23005944     9.15299386     8.68654528
   63    1   51   45    1    19.85011009    20.21944221    28.26499999
   64   42   73   54    1     9.68632716    11.02889324     9.27092047
   65   49   82   83    1    14.60343145    16.51863595    12.20441193
   66   35   34   84    1     6.96860254     8.00348035     6.96430838
   67   79   85   45    1    19.46360192    25.97704781    21.77454768
   68   53   75   86    1     9.32896098    10.32704705     8.39995473
   69   75   32   87    1     7.47045917     9.02902743    11.02856817
   70   16   49   83    1    10.75150687    12.20441193    10.52580065
   71   55   26   88    1     6.62555097     7.86084208     6.58387783
   72    1   45    2    1    28.26499999    24.80283534    34.10458759
   73   34   33   89    1     9.22229422     9.40572936     7.50120483
   74   73   63   90    1    11.24353533    12.11302027    10.99600240
   75   80   91   92    1     9.76716199     9.18546575     9.33826250
   76   27   52   93    1     8.00125209     9.73856058    10.29102289
   77    2   45   85    1    24.80283534    25.97704781    20.93116906
   78   39   83   66    1    10.91933829    17.76390606    13.72809939
   79    2   85    7    1    20.93116906    31.56625218    36.62341255
   80   35   84   72    1     6.96430838     9.01130011     8.56767671
   81   53   86   62    1     8.39995473    11.28602539    11.75519728
   82   32   31   87    1     7.40021116     9.43061335     9.02902743
   83   83   82   94    1    16.51863595    16.78672565    15.43775242
   84   55   88   95    1     6.58387783     8.87112907     8.07786195
   85   96   97   98    1    25.41099755    19.67648972    25.95823707
   86  362   99   34    1     6.92814733     7.64322187     6.85359500
   87   73   90  100    1    10.99600240    10.76497050    11.77185491
   88   29   28   78    1     7.15788308     9.64505598     8.41928889
   89   91  101  102    1     9.65730980     8.96632308     9.19620530
   90   83   94   66    1    15.43775242    22.31343556    17.76390606
   91   86   75   76    1    10.32704705    10.06562869    11.01505339
   92   98   97  103    1    19.67648972    17.46361076    17.51089190
   93   31  104   87    1     9.50618120    11.24670086     9.43061335
   94   84   34   99    1     8.00348035     7.64322187     8.22203019
   95    4   64   66    1    18.28568370    17.65872593    25.18632430
   96   40   54  105    1    10.75901139    11.89236450    12.10167880
   97   94   82  106    1    16.78672565    20.62639491    24.00978266
   98   69   55   95    1     6.64099359     8.07786195     9.10491598
   99   98  103  107    1    17.51089190    20.82759476    24.04272960
  100   28  108   78    1     8.45660381    10.10180617     9.64505598
  101   91  102   92    1     9.19620530     9.51141331     9.18546575
  102  109  110  111    1     7.56350081     8.22214173     8.00178056
  103   86   76  112    1    11.01505339    12.30061370     9.32221279
  104  113   74  114    1    23.66002049    17.15482704    16.33609127
  105   89   33  115    1     9.40572936     8.88810471     6.96471991
  106  103   97  116    1    17.46361076    19.79335388    17.37948646
  107  113  114   23    1    16.33609127    18.31950300    25.03694406
  108  103  116  117    1    17.37948646    19.51873062    17.41395999
  109  105   54  118    1    11.89236450    11.38366090    11.55221461
  110  200  110  109    1     6.90802841     7.56350081     6.77700038
  111   95   88  120    1     8.87112907     8.41769561     9.64832578
  112   26   25  121    1     9.47819605    10.38494793     8.30801181
  113   76   70   10    1    11.74142896    12.71961930    14.19698783
  114   92  102  122    1     9.51141331     8.71338308     9.11170226
  115   68   46   23    1    27.62528244    35.47975873    24.49550968
  116  103  117  107    1    17.41395999    23.93254139    20.82759476
  117  109  111  123    1     8.00178056     6.86279568     7.00083214
  118  117  116  124    1    19.51873062    25.50810728    26.06745861
  119   89  115  125    1     6.96471991     7.29249139     7.14288403
  120  114   74   68    1    17.15482704    22.40128557    15.67381546
  121  178   73  100    1    11.31576936    11.77185491    12.39082201
  122  127  128   36    1    11.40554865    17.69219999    13.77543867
  123   95  120  129    1     9.64832578     9.07839677    10.05953513
  124   26  121  130    1     8.30801181     7.65273940     6.97254710
  125   97   96  131    1    25.41099755    25.76866218    19.71798246
  126  119  109  132    1     7.53667190     9.06768276     9.33256339
  127   23  114   68    1    18.31950300    15.67381546    24.49550968
  128  102  101  133    1     8.96632308     8.87378721     9.22567955
  129  113   23   50    1    25.03694406    35.23127591    26.33997951
  130   89  125  134    1     7.14288403     6.62353041     7.86097859
  131  126  100  135    1    13.19616816    11.00494436    12.90851590
  132   10   71    8    1    11.52977359    12.09141100    16.43771252
  133  111  110  136    1     8.22214173     8.62904733     8.03937371
  134   97  131  137    1    19.71798246    17.53755065    17.35952763
  135   26  130   88    1     6.97254710     7.10123182     7.86084208
  136   95  129  138    1    10.05953513     8.84134488     9.67936368
  137   97  137  116    1    17.35952763    17.47622971    19.79335388
  138   84   99  139    1     8.22203019     8.63257072     8.13942836
  139  140  141  142    1    11.91230252    11.25318438     9.49800031
  140  135  100  143    1    11.00494436    11.28544110     9.23119598
  141  128   62  144    1    11.94444109     7.88820168     9.32713004
  142  134  125  145    1     6.62353041     8.72573773     9.98492228
  143  116  137  146    1    17.47622971    17.22664222    19.10017333
  144  102  133  147    1     9.22567955     8.57889609     8.58636272
  145   88  130  148    1     7.10123182     7.38626216     8.11692902
  146  129  120  149    1     9.07839677     9.03596624     9.25553758
  147  111  136  150    1     8.03937371     8.47246082     8.30989547
  148  112   36  128    1    14.61453421    17.69219999    13.79876103
  149  146  137  151    1    17.22664222    21.21243183    24.49019696
  150  140  142  152    1     9.49800031    12.40228406    11.84697959
  151  135  143  153    1     9.23119598    13.81252408    13.19955812
  152  125  115  154    1     7.29249139     9.90836926     7.43107006
  153   84  139  155    1     8.13942836     8.44284746     8.32819531
  154  116  146  124    1    19.10017333    25.52980734    25.50810728
  155  102  147  122    1     8.58636272     8.82831528     8.71338308
  156  144   62   86    1     7.88820168    11.28602539     7.56941147
  157  130  121  156    1     7.65273940    10.08383628     8.75864448
  158  137  131  151    1    17.53755065    24.23133782    21.21243183
  159   95  138   77    1     9.67936368     8.71440554     9.41316114
  160  142  141  157    1    11.25318438    13.18310829    11.86047956
  161  143  100   90    1    11.28544110    10.76497050    11.41989292
  162  125  154  145    1     7.43107006     9.13570099     8.72573773
  163  136  110  158    1     8.62904733     8.23763308     8.88747315
  164  144   86  112    1     7.56941147     9.32221279     8.00250458
  165  159  105  118    1    11.63119644    11.55221461    13.07297116
  166  139   99  158    1     8.63257072     8.28546687     8.88719128
  167   88  148  120    1     8.11692902     8.85113973     8.41769561
  168  160  161  162    1    14.91919425    14.91955797    16.52164954
  169  142  157  163    1    11.86047956    14.90986738    11.96936728
  170  128  144  112    1     9.32713004     8.00250458    13.79876103
  171  138  129  164    1     8.84134488     9.94114750     9.40320021
  172  159  118  165    1    13.07297116    11.41745019    11.90925666
  173  122  147  166    1     8.82831528     7.19859525     7.48586063
  174  134  145  167    1     9.98492228     9.93052648     8.55697535
  175  112   76   37    1    12.30061370    12.16775180    13.52928147
  176  162  161  168    1    14.91955797    12.74042833    12.99606344
  177  109  123  132    1     7.00083214     8.77754526     9.06768276
  178  165  118  169    1    11.41745019    12.99499160    13.42868040
  179  142  163  152    1    11.96936728    15.61633179    12.40228406
  180  120  148  170    1     8.85113973     8.94389941     9.02232235
  181  112   37   36    1    13.52928147    17.32795629    14.61453421
  182  158  110  171    1     8.23763308     9.28361663     9.97801535
  183  167  145  172    1     9.93052648    10.20223072     9.71134521
  184  178  169  118    1    12.96375613    12.99499160    12.99498969
  185  138  164  173    1     9.40320021     7.84046673     7.25531952
  186  147  133  174    1     8.57889609     9.31678887     9.41272650
  187   37   76   10    1    12.16775180    14.19698783    15.40964617
  188  162  168  175    1    12.99606344    13.10218653    14.89964028
  189  157  141  176    1    13.18310829    17.83497966    17.28073735
  190  127   36   74    1    13.77543867    22.01872839    16.88032472
  191  159  165  177    1    11.90925666    16.35607595    15.88011208
  192  148  130  156    1     7.38626216     8.75864448    10.37143155
  193   54   73  178    1    11.02889324    11.31576936    11.83661037
  194  167  172  179    1     9.71134521     8.73148710     8.74390125
  195  180  181  182    1    18.23512869    17.57069237    22.52469141
  196  183  140  152    1    12.35943673    11.84697959    14.57603609
  197  123  111  184    1     6.86279568     9.05519403     8.60177463
  198  168  161  185    1    12.74042833    15.40006039    13.71017142
  199  158  171  139    1     9.97801535     9.37160526     8.88719128
  200  118   54  178    1    11.38366090    11.83661037    12.99498969
  201  182  181  186    1    17.57069237    18.02733390    23.86718953
  202  120  170  149    1     9.02232235     8.92724614     9.03596624
  203  164  129  187    1     9.94114750     9.17458539     9.87956395
  204  169  178  126    1    12.96375613    14.88450847    16.52360345
  205  427  188  189    1    21.29903453    16.09902377    26.04259047
  206  100  126  178    1    13.19616816    14.88450847    12.39082201
  207  183  152  190    1    14.57603609    12.80741175    12.06513609
  208  122  166  191    1     7.48586063     8.46137824     9.40406323
  209  198  168  185    1    13.41889229    13.71017142    16.54981031
  210  179  172  192    1     8.73148710     8.23448159     8.03813173
  211  186  189  193    1    24.45226312    33.93122153    32.75576970
  212  177  194  195    1    22.53986266    16.35788815    16.01248315
  213  183  190  196    1    12.06513609    10.94602256    13.61655886
  214  111  150  184    1     8.30989547     8.53859706     9.05519403
  215  149  170  197    1     8.92724614     8.91896123     9.10015371
  216  175  168  198    1    13.10218653    13.41889229    15.82216338
  217  138  173  199    1     7.25531952     6.66566558     7.76678036
  218  229  193  189    1    35.78033525    33.93122153    24.78598898
  219  171  110  200    1     9.28361663     6.90802841     7.65226400
  220  177  195  201    1    16.01248315    17.15787210    23.08586737
  221  196  190  202    1    10.94602256    11.75806438    11.80915381
  222  172  145  203    1    10.20223072    10.97184230     9.59968904
  223  193  182  186    1    27.47530859    23.86718953    32.75576970
  224  201  195  204    1    17.15787210    17.07619306    25.14712650
  225  166  147  205    1     7.19859525     7.79249185     7.15034562
  226  175  198  206    1    15.82216338    20.23131017    17.35919719
  227  170  148  207    1     8.94389941     9.09517591     9.29532142
  228  202  190  208    1    11.75806438    12.87962134    15.16979247
  229  204  195  194    1    17.07619306    16.35788815    23.45286294
  230  184  150  209    1     8.53859706     8.16796673     9.01070932
  231  238  212  210    1    10.02018051    11.67443697    10.62237531
  232  179  192  104    1     8.03813173     8.59651527     9.15470458
  233  199  173  213    1     6.66566558     7.02171942     8.29149976
  234  185   96  198    1    19.68074536    22.65666300    16.54981031
  235  217  188  201    1    16.46388481    26.91413263    29.09075559
  236  208  190  152    1    12.87962134    12.80741175    16.08280859
  237  171  200  214    1     7.65226400     7.03930368     8.99425153
  238  204  194  215    1    23.45286294    27.58494962    32.92818235
  239  149  197  108    1     9.10015371     8.84357492     8.93142754
  240  206  198   98    1    20.23131017    18.58638201    20.40905390
  241  196  202  216    1    11.80915381    15.40229035    15.73886471
  242  201  204  217    1    25.14712650    27.17135081    29.09075559
  243  205  147  174    1     7.79249185     9.41272650     8.89651780
  244  104  192   87    1     8.59651527     9.56831590    11.24670086
  245  210  212  218    1    11.67443697    15.57789186    14.53102885
  246  208  152  219    1    16.08280859    10.45520812    13.14898003
  247   98  198   96    1    18.58638201    22.65666300    25.95823707
  248  108  197   78    1     8.84357492     9.74173990    10.10180617
  249  208  219  151    1    13.14898003    12.57745777    19.42791718
  250  189  188  217    1    16.09902377    16.46388481    25.41096653
  251  213  173  221    1     7.02171942     6.66225317     7.18330649
  252  150  136  222    1     8.47246082     8.74313547     7.84817374
  253  223  224  225    1    12.67977029    16.62186340    10.97031257
  254  214  200  119    1     7.03930368     6.38622817     7.59512588
  255  206   98  107    1    20.40905390    24.04272960    22.46037330
  256  151  219  163    1    12.57745777    12.44948469    17.90549785
  257  217  204  220    1    27.17135081    37.81019094    33.88447349
  258   87  192  226    1     9.56831590     9.49874723    11.90105796
  259  163  219  152    1    12.44948469    10.45520812    15.61633179
  260  220  204  215    1    37.81019094    32.92818235    50.00000000
  261  223  225  227    1    10.97031257    13.03193777     9.87220487
  262  197  170  228    1     8.91896123     9.03714971     8.84595104
  263  217  229  189    1    26.33995518    24.78598898    25.41096653
  264  122  191  230    1     9.40406323    10.96501647     9.90499773
  265  192  172  226    1     8.23448159    10.82823213     9.49874723
  266  217  220  229    1    33.88447349    35.18596598    26.33995518
  267  213  221   20    1     7.18330649     9.37612677     8.43511900
  268  211  231  232    1    11.17725547    12.11152222    11.35025648
  269  123  184  233    1     8.60177463     9.08969836     6.81367677
  270  109  119  200    1     7.53667190     6.38622817     6.77700038
  271  234  235  236    1    10.70799330    11.40313042    10.49196629
  272  193  229  237    1    35.78033525    38.36537493    50.00000000
  273  272   78  197    1     8.85651492     9.74173990     8.08623566
  274  237  229  220    1    38.36537493    35.18596598    50.00000000
  275  172  203  226    1     9.59968904    10.63067149    10.82823213
  276  211  232  238    1    11.35025648     9.91623890    10.00526172
  277  191  166  239    1     8.46137824     7.35061210    10.15319513
  278  221  173  164    1     6.66225317     7.84046673     9.13349788
  279  170  207  228    1     9.29532142     9.22365264     9.03714971
  280  234  236  240    1    10.49196629     9.65825163     8.78803685
  281  246  203  145    1     9.28095862    10.97184230    10.90153200
  282  139  171  241    1     9.37160526     9.43575926     8.75938584
  283  242  243  244    1     7.97759238     7.08170299     7.05896969
  284  123  233  132    1     6.81367677     9.98573108     8.77754526
  285  232  231  245    1    12.11152222    12.02559189    12.11933008
  286  294  211  210    1    10.53408671    11.02837729    11.01806412
  287  207  148  156    1     9.09517591    10.37143155    10.84686962
  288  246  247  203    1     9.28080420     9.64554312     9.28095862
  289  236  235  248    1    11.40313042    10.47872540    10.52292646
  290  231  227  245    1    11.58999231    11.91509989    12.02559189
  291  239  166  205    1     7.35061210     7.15034562     8.19373875
  292  164  187  249    1     9.87956395     8.58918025     9.53563195
  293   84  155   72    1     8.32819531     8.70783754     9.01130011
  294  235  210  218    1    11.54583497    14.53102885    14.37208394
  295  228  207  250    1     9.22365264     9.83733442     9.37844140
  296   71   70  226    1    10.02047430    11.68894348    10.21348211
  297  245  227  225    1    11.91509989    13.03193777    14.31982643
  298  242  244  251    1     7.05896969     6.91739047     7.68389232
  299  150  222  252    1     7.84817374     7.23258180     7.21748681
  300  234  240  253    1     8.78803685     9.63000640    10.31394997
  301  224  223  254    1    12.67977029     8.14990239    12.45259721
  302  145  154  246    1     9.13570099     9.77475016    10.90153200
  303  228  250  255    1     9.37844140     9.18271459     9.11715436
  304  155  139  241    1     8.44284746     8.75938584     8.06568781
  305  133  101   48    1     8.87378721     9.44512243     8.89988733
  306  187  129  149    1     9.17458539     9.25553758     8.88261692
  307  232  245  256    1    12.11933008    12.05578311    11.12611325
  308   87  226   70    1    11.90105796    11.68894348    11.43274544
  309  240  236  183    1     9.65825163    12.57658722    11.14137253
  310  210  211  238    1    11.02837729    10.00526172    10.62237531
  311  250  207  257    1     9.83733442     9.66952926     9.74186858
  312  254  223  258    1     8.14990239     8.38380840     9.08858172
  313   75   87   70    1    11.02856817    11.43274544    10.80622406
  314  241  171  259    1     9.43575926    10.07659186     8.69921230
  315  122  230   92    1     9.90499773     9.15820996     9.11170226
  316  222  136  260    1     8.74313547     9.29509234     9.54020049
  317  199   77  138    1     8.31493153     8.71440554     7.76678036
  318  212  238  261    1    10.02018051    13.50206688    15.47978885
  319   71  226  262    1    10.21348211     9.82596951     7.80819143
  320  254  258  263    1     9.08858172     9.52983279    12.46200405
  321  240  183  196    1    11.14137253    13.61655886     9.68528262
  322  242  251  264    1     7.68389232    10.16021695    10.02199410
  323   67   78  265    1     9.49740722    11.79500920     9.85400005
  324  261  238  232    1    13.50206688     9.91623890    14.74298530
  325   71  262    8    1     7.80819143    11.26400081    12.09141100
  326  326  221  164    1     7.87631818     9.13349788     9.16951361
  327  230  191  266    1    10.96501647    11.68491615     8.56280878
  328  241  259  267    1     8.69921230     8.67365101     8.65456270
  329    8  262  247    1    11.26400081     8.26841058    12.14797167
  330  232  256  261    1    11.12611325    13.84466380    14.74298530
  331  263  258  268    1     9.52983279    10.77074997    11.70603061
  332  247  262  203    1     8.26841058     8.71744037     9.64554312
  333  257  207  156    1     9.66952926    10.84686962    10.72109757
  334  240  196  253    1     9.68528262    10.74047265     9.63000640
  335  222  260  167    1     9.54020049    10.20404990     8.50473671
  336  262  226  203    1     9.82596951    10.63067149     8.71744037
  337  256  245  269    1    12.05578311    12.86716311    12.24214246
  338  249  187  270    1     8.58918025     8.44533057     8.19324126
  339  269  245  225    1    12.86716311    14.31982643    15.56747253
  340   56   72  271    1     9.20503919     9.17233844     9.93931666
  341  228  255  272    1     9.11715436     8.34923070     7.90424554
  342  230  266  273    1     8.56280878     9.89109846    11.84811361
  343  258  223  227    1     8.38380840     9.87220487     8.88341467
  344  261  256  180    1    13.84466380    15.51362800    18.94231929
  345  253  196  216    1    10.74047265    15.73886471    14.68107722
  346  180  256  269    1    15.51362800    12.24214246    18.30305630
  347  251  244  274    1     6.91739047     7.16462231     8.29411099
  348  255  250   11    1     9.18271459    12.91452782    12.89286279
  349  119  132  275    1     9.33256339     9.21442889     6.87902781
  350  258  227  268    1     8.88341467    12.81609424    10.77074997
  351  222  167  179    1     8.50473671     8.74390125     8.55801496
  352  271   72  276    1     9.17233844     8.56749421     6.89816983
  353  249  270  277    1     8.19324126     6.82143950     7.09618490
  354  236  248  278    1    10.52292646    13.04311970    13.68750180
  355  157  176  279    1    17.28073735    17.10936125    13.49177146
  356  257  280  250    1     8.33907931     7.82123970     9.74186858
  357  133   48  281    1     8.89988733     7.95904884     8.50706752
  358  263  268  282    1    11.70603061    14.46050577    12.41814052
  359  352  214  119    1     6.50767884     7.59512588     7.12810766
  360  248  235  218    1    10.47872540    14.37208394    13.80705393
  361  157  279  283    1    13.49177146    11.27680096    12.40488388
  362  250  280   11    1     7.82123970    11.30036679    12.91452782
  363  270  187  108    1     8.44533057     9.10118703     8.37237400
  364  231  211  284    1    11.17725547    11.07431318    11.32259871
  365  155  241  285    1     8.06568781     7.23612886     7.29590206
  366  274  244  286    1     7.16462231     8.44819034     9.71615959
  367  260  136  158    1     9.29509234     8.88747315     9.98559042
  368  197  228  272    1     8.84595104     7.90424554     8.08623566
  369  236  278  183    1    13.68750180    15.30820765    12.57658722
  370  133  281  174    1     8.50706752     9.10598912     9.31678887
  371  279  176  287    1    17.10936125    22.65940226    15.64158044
  372   78  272  265    1     8.85651492     9.55128024    11.79500920
  373  231  284  268    1    11.32259871    12.24990363    13.07721582
  374  288  289   63    1     7.66585514    10.16283391     8.75925743
  375  249  277  174    1     7.09618490     7.72537851     9.02740441
  376  278  248  290    1    13.04311970    11.40828118    14.75576881
  377  265  272  255    1     9.55128024     8.34923070    10.94283996
  378  279  287  291    1    15.64158044    19.43190403    17.05164259
  379  265  255  292    1    10.94283996     6.11723756     9.65405910
  380  359  289  288    1     7.00393415     7.66585514     6.40539970
  381  292  255   11    1     6.11723756    12.89286279    10.79994098
  382  326  174  281    1     9.27537382     9.10598912     7.70525051
  383  260  158   99    1     9.98559042     8.28546687     9.40212870
  384  284  211  294    1    11.07431318    10.53408671    10.32963854
  385  290  248  218    1    11.40828118    13.80705393    16.17530879
  386  163  157  283    1    14.90986738    12.40488388    15.31121590
  387  289  295  296    1     9.97477998    10.54378698     9.53222801
  388  141  140  278    1    11.91230252    12.41727021    15.21546540
  389  174  277  205    1     7.72537851     6.72371375     8.89651780
  390  244  243  286    1     7.08170299     9.62068077     8.44819034
  391  163  283  297    1    15.31121590    13.04410546    17.47165110
  392  322  284  294    1     8.88929582    10.32963854     8.93943708
  393  293  288   41    1     6.69517490    10.09517545    10.71966975
  394   19   21  281    1     5.68979250     6.79529758     7.21565145
  395  278  140  183    1    12.41727021    12.35943673    15.30820765
  396   20   19  298    1     8.39415064     8.80695472    11.06237268
  397  150  252  209    1     7.21748681     6.64039978     8.16796673
  398  278  290  299    1    14.75576881    15.95380083    16.50782470
  399  297  283  291    1    13.04410546    17.45822682    20.29717087
  400  288   63   41    1     8.75925743    13.09622631    10.09517545
  401  346  205  277    1     7.56929771     6.72371375     6.85591097
  402  176  141  299    1    17.83497966    13.99226410    17.87089038
  403  234  294  235    1     9.85564258    10.77701541    10.70799330
  404   92  230   81    1     9.15820996     9.16845425     9.62525154
  405  299  141  278    1    13.99226410    15.21546540    16.50782470
  406  155  285  300    1     7.29590206     6.88169680     8.12636665
  407  163  297  151    1    17.47165110    21.88949936    17.90549785
  408  298   19   48    1     8.80695472     7.53997775    10.93105121
  409  243  301  286    1     9.48159620    11.34928575     9.62068077
  410  283  279  291    1    11.27680096    17.05164259    17.45822682
  411  209  252  104    1     6.64039978     8.34026868     9.12527253
  412  210  235  294    1    11.54583497    10.77701541    11.01806412
  413  187  149  108    1     8.88261692     8.93142754     9.10118703
  414  291  287  302    1    19.43190403    27.34059774    28.87359242
  415  295  267  303    1     9.57357161     9.09899211    10.52884953
  416   92   81   80    1     9.62525154     9.15299386     9.33826250
  417  285  241  267    1     7.23612886     8.65456270     7.33306910
  418   59   58   14    1     7.49651867     8.87817469    10.05754026
  419  227  231  268    1    11.58999231    13.07721582    12.81609424
  420  304  305  306    1     9.26764578     9.03724362     6.82744557
  421  307  308  309    1    21.37039513    16.06100567    17.03233673
  422   81  230  273    1     9.16845425    11.84811361    10.59619139
  423  346   28   27    1     8.03353643     8.33677473     8.13392608
  424  282  268  310    1    14.46050577    12.81994524    11.80515972
  425  307  309  311    1    17.03233673    15.26679568    24.10212435
  426  252  222  179    1     7.23258180     8.55801496     6.86332448
  427  267  259  312    1     8.67365101     9.22385513     9.14573745
  428  313  314  315    1     9.36677117     9.17833938     6.90354386
  429  282  310  216    1    11.80515972    14.34779883    12.66725822
  430  311  309  316    1    15.26679568    18.02291819    21.84290814
  431  285  267  295    1     7.33306910     9.57357161     8.37388848
  432   14   58   15    1     8.87817469     9.64433528    12.60698061
  433   59   81  317    1     8.68654528     7.52421962     7.21133781
  434  239   27   93    1     8.59897608    10.29102289    10.66707061
  435  376  318  304    1     6.49397704     7.61022615     7.09592048
  436  310  268  284    1    12.81994524    12.24990363    11.47050798
  437  316  309  308    1    18.02291819    16.06100567    26.45732556
  438   58   59  317    1     7.49651867     7.21133781     6.44377159
  439  253  216  310    1    14.68107722    14.34779883    10.62384858
  440  267  312  303    1     9.14573745     8.88025120     9.09899211
  441  311  316   79    1    21.84290814    31.05909299    25.89787565
  442  270  108   28    1     8.37237400     8.45660381     8.21501319
  443   80   59  319    1     9.23005944     9.44081465     9.98834142
  444  252  179  104    1     6.86332448     9.15470458     8.34026868
  445  295  289  320    1     9.97477998     8.33023220     9.44357861
  446  316  308  321    1    26.45732556    28.68664177    39.66093635
  447  253  310  322    1    10.62384858     9.50777381     8.84019023
  448  323  324  325    1     7.54765898    12.56919953    10.35233288
  449   60  317  273    1     6.74512417     8.72381007     9.75852337
  450  253  322  234    1     8.84019023     8.53006529    10.31394997
  451  249  174  326    1     9.02740441     9.27537382     8.34232697
  452  294  234  322    1     9.85564258     8.53006529     8.93943708
  453  393  327  313    1     6.53695211     7.70121766     7.17573541
  454  273  317   81    1     8.72381007     7.52421962    10.59619139
  455  303  312  328    1     8.88025120     9.04149711    10.00119991
  456  284  322  310    1     8.88929582     9.50777381    11.47050798
  457  271  276  329    1     6.89816983     8.73644700     9.82015518
  458   91   80  330    1     9.76716199    10.00394664    10.08413734
  459   93  331  191    1     9.86344365     7.07390233    12.64923220
  460  184  209  332    1     9.01070932     6.88403209     8.63223149
  461  323  325  333    1    10.35233288    12.27802662     9.07494180
  462  164  249  326    1     9.53563195     8.34232697     9.16951361
  463  191  331  266    1     7.07390233     9.96510279    11.68491615
  464  297  291  334    1    20.29717087    18.13341222    17.70590157
  465  239   93  191    1    10.66707061    12.64923220    10.15319513
  466  300  276   72    1     7.05838761     8.56749421     9.11588007
  467  221  326   21    1     7.87631818     7.00726055     6.30591321
  468  101   91  335    1     9.65730980     9.44630709     9.36000118
  469  297  334  146    1    17.70590157    17.44168966    17.78287827
  470  312  259  336    1     9.22385513     9.75499391     8.94455075
  471  406  233  184    1     9.98640245     9.08969836     9.12263525
  472  324  337  338    1    10.60105343    11.39959812     9.80641597
  473  301  339  340    1     9.39448591     8.96682598     9.97981755
  474  281   21  326    1     6.79529758     7.00726055     7.70525051
  475  146  334  124    1    17.44168966    21.55638224    25.52980734
  476  385  121   25    1    10.03526714    10.38494793    11.95351379
  477   72  155  300    1     8.70783754     8.12636665     9.11588007
  478  221   21   20    1     6.30591321     8.28046485     9.37612677
  479  297  146  151    1    17.78287827    24.49019696    21.88949936
  480  259  214  336    1     8.18532354     9.73104630     9.75499391
  481  332  209  342    1     6.88403209     8.24004952     7.17432747
  482  101  335  343    1     9.36000118     9.75406027     9.13720989
  483  337  344  345    1     9.84938486     9.45360110    10.63698412
  484  239  205  346    1     8.19373875     7.56929771     8.28895228
  485  276  300  320    1     7.05838761     8.22841940     7.18849216
  486  124  334  347    1    21.55638224    19.59573084    24.97126262
  487   27  239  346    1     8.59897608     8.28895228     8.13392608
  488  301  340  286    1     9.97981755    10.00416890    11.34928575
  489  347  334  291    1    19.59573084    18.13341222    22.90653679
  490  280  257  348    1     8.33907931     8.18794561     7.53241003
  491   28  346  270    1     8.03353643     7.80528668     8.21501319
  492  347  291  302    1    22.90653679    28.87359242    25.02873738
  493  277  270  346    1     6.82143950     7.80528668     6.85591097
  494  276  320  329    1     7.18849216     9.24048423     8.73644700
  495  335   91  330    1     9.44630709    10.08413734    10.19649954
  496  332  342  349    1     7.17432747     9.13137394     8.79314817
  497  344  350  351    1     8.84702882     9.36172846     9.16161754
  498  336  214  352    1     9.73104630     6.50767884     8.12858953
  499  280  348   12    1     7.53241003     7.36724615     6.66720524
  500   66   94  353    1    22.31343556    17.49333717    20.19578669
  501  320  300  295    1     8.22841940     9.36608386     9.44357861
  502  264  251  354    1    10.16021695     7.00965965     9.67262630
  503   66  353    5    1    20.19578669    19.70321599    22.40194923
  504  335  330  355    1    10.19649954    11.05574369    10.54410927
  505  342  209  104    1     8.24004952     9.12527253     8.97072217
  506  344  351  345    1     9.16161754     9.16370741     9.45360110
  507  300  285  295    1     6.88169680     8.37388848     9.36608386
  508  336  352  356    1     8.12858953     7.44244410     8.27188093
  509  340  339  357    1     8.96682598     8.67088780     8.48906992
  510  280   12   11    1     6.66720524    11.98426678    11.30036679
  511   66    5    4    1    22.40194923    22.48429926    25.18632430
  512  214  259  171    1     8.18532354    10.07659186     8.99425153
  513  264  354  358    1     9.67262630     8.31802201    10.52370448
  514    5  353   50    1    19.70321599    22.78492457    27.51572672
  515  320  289  359    1     8.33023220     7.00393415     6.99024560
  516   48  101  343    1     9.44512243     9.13720989     8.93760903
  517   12  348   22    1     7.36724615    10.57806638    11.61127570
  518  345  351  360    1     9.16370741     9.18488626     9.99038108
  519  353   94  361    1    17.49333717    18.97779962    18.99666914
  520  260   99  362    1     9.40212870     6.92814733     7.76409114
  521  320  359  329    1     6.99024560     8.12965087     9.24048423
  522  356  352  275    1     7.44244410     6.90906092     9.91124922
  523  380  363  358    1    14.00151758    11.92191940    12.84948857
  524  361   94  106    1    18.97779962    24.00978266    23.92997668
  525  329  359  293    1     8.12965087     6.64504689     9.63718930
  526   50  353  361    1    22.78492457    18.99666914    26.07002332
  527  339  364  357    1     8.65301350     9.23923554     8.67088780
  528  288  293  359    1     6.69517490     6.64504689     6.40539970
  529   22  348  365    1    10.57806638    10.72914233    14.31395964
  530   48  343  298    1     8.93760903    12.03550578    10.93105121
  531  351  350  366    1     9.36172846     9.73415858     9.09275304
  532  260  362  134    1     7.76409114     7.11724133     8.98073239
  533  354  251  367    1     7.00965965     7.17691890     6.83827040
  534  119  275  352    1     6.87902781     6.90906092     7.12810766
  535  135  153  368    1    13.19955812    13.36951249    10.79675475
  536  348  257  365    1     8.18794561    12.33077780    10.72914233
  537  330   80  319    1    10.00394664     9.98834142    10.51333249
  538  135  368  126    1    10.79675475    16.23331636    12.90851590
  539  369  370  162    1     9.55195228    11.00307740    12.44189418
  540  295  303  296    1    10.52884953     9.84039471    10.54378698
  541  257  156  365    1    10.72109757    13.50038614    12.33077780
  542  357  364  371    1     9.23923554     9.76817361     9.28657574
  543  350  318  366    1     8.25806151     9.74569966     9.73415858
  544  165  169  194    1    13.42868040    16.83319146    15.14288933
  545  134  362   89    1     7.11724133     6.45002888     7.86097859
  546   64  355  330    1    12.70145163    11.05574369    11.89239186
  547  156  121  372    1    10.08383628     9.14618097    10.61223519
  548  169  126  373    1    16.52360345    14.97828253    14.05409428
  549  274  369  374    1     9.66182626    10.32811498     9.32278231
  550  296  303  375    1     9.84039471     9.40028807    10.50454073
  551  319   59   14    1     9.44081465    10.05754026    10.89709483
  552  366  318  376    1     9.74569966     6.49397704     8.18982849
  553   34   89  362    1     7.50120483     6.45002888     6.85359500
  554  169  373  194    1    14.05409428    18.46872910    16.83319146
  555  156  372  365    1    10.61223519    10.88922318    13.50038614
  556  357  371  377    1     9.28657574    10.28063960     8.97223886
  557  373  126  378    1    14.97828253    16.41207527    15.50170230
  558  343  335  379    1     9.75406027     7.96446698     8.48203732
  559  354  367  380    1     6.83827040     9.35269470     9.96601836
  560  312  336  381    1     8.94455075     8.92121984     8.46959153
  561  365  372  382    1    10.88922318    12.70154324    15.75618618
  562  337  345  338    1    10.63698412    10.46466873    11.39959812
  563  349  342  383    1     9.13137394     7.13948911     8.31056192
  564  373  378  215    1    15.50170230    21.16747122    19.74883189
  565  343  379  384    1     8.48203732     8.42100508     8.72047829
  566  367  251  274    1     7.17691890     8.29411099     7.47628708
  567  289  296   63    1     9.53222801    11.52407289    10.16283391
  568  371  364  327    1     9.76817361     8.30078243     9.89012216
  569  372  121  385    1     9.14618097    10.03526714     8.60046740
  570  368  378  126    1    15.46301629    16.41207527    16.23331636
  571  349  383  386    1     8.31056192     6.80893013     9.92358640
  572  343  384  298    1     8.72047829    11.81145524    12.03550578
  573  165  194  177    1    15.14288933    22.53986266    16.35607595
  574  194  373  215    1    18.46872910    19.74883189    27.58494962
  575  338  345  387    1    10.46466873     9.74594969    10.69100530
  576  372  385  382    1     8.60046740    12.55309112    12.70154324
  577  381  388  389    1     7.02127652     9.32640887    10.48998442
  578  367  274  374    1     7.47628708     9.32278231     8.76946454
  579  384  379  390    1     8.42100508     8.69661000    11.07357080
  580  386  383   30    1     6.80893013     7.26715322     7.45907598
  581   25  341  385    1     8.89869726     6.23903350    11.95351379
  582  391  333  325    1     9.89049910    12.27802662    14.93709641
  583  390  379  355    1     8.69661000     9.38489379    10.42003938
  584  366  376  392    1     8.18982849     7.38984063     8.30679339
  585  312  381  328    1     8.46959153     7.24087596     9.04149711
  586  367  374  380    1     8.76946454    12.53290050     9.35269470
  587  371  327  393    1     9.89012216     6.53695211     8.43269263
  588  385  341  394    1     6.23903350    11.90326577    12.14390217
  589  395  396  397    1    11.72496101    16.60264759    13.01387805
  590  355  379  335    1     9.38489379     7.96446698    10.54410927
  591   30  383   31    1     7.26715322     6.89794096     8.22865810
  592  374  369  162    1    10.32811498    12.44189418    13.74555025
  593   65   64  319    1    10.95229787    11.54607284     9.75544094
  594  394  398  382    1    11.48337999    15.74531655    11.58050845
  595  392  376  306    1     7.38984063     6.95277812     9.91591629
  596  389  328  381    1    11.94391784     7.24087596    10.48998442
  597  399  400  401    1    11.15198081    10.56422292    10.48345996
  598   65  319   14    1     9.75544094    10.89709483    10.37460647
  599  386   30   61    1     7.45907598     9.48663456    10.14398259
  600  365  382   43    1    15.75618618    14.47622192    16.04522880
  601  358  354  380    1     8.31802201     9.96601836    12.84948857
  602  390  355    4    1    10.42003938    16.45634333    16.05260128
  603  371  393  402    1     8.43269263     7.43778120     8.66228317
  604   64    4  355    1    18.28568370    16.45634333    12.70145163
  605  388  381  336    1     7.02127652     8.92121984    10.89178107
  606  304  306  376    1     6.82744557     6.95277812     7.09592048
  607  330  319   64    1    10.51333249    11.54607284    11.89239186
  608   31  383  342    1     6.89794096     7.13948911     8.22653400
  609  382  385  394    1    12.55309112    12.14390217    11.58050845
  610  399  401  403    1    10.48345996    10.18505649     9.77906399
  611  206  404  363    1    13.81857482    11.29531608    16.86376121
  612   44   43  382    1    14.44645446    14.47622192    14.78067246
  613  303  328  375    1    10.00119991     9.09447429     9.40028807
  614  104   31  342    1     9.50618120     8.22653400     8.97072217
  615  370  160  162    1    12.58243180    16.52164954    11.00307740
  616  324  338  325    1     9.80641597    13.55899286    12.56919953
  617   22  365   43    1    14.31395964    16.04522880    16.47746500
  618  401  400  405    1    10.56422292     8.72254587    10.08448966
  619  134  167  260    1     8.55697535    10.20404990     8.98073239
  620  398   79   44    1    17.71465698    17.79524379    12.14613254
  621  417  143  375    1     8.82595685     9.57006699     9.55977424
  622  374  162  175    1    13.74555025    14.89964028    12.38020572
  623  398   44  382    1    12.14613254    14.78067246    15.74531655
  624  332  349  406    1     8.79314817     9.96029749     6.82327019
  625  402  393  315    1     7.43778120     7.04601620     9.91192731
  626  184  332  406    1     8.63223149     6.82327019     9.12263525
  627  374  175  380    1    12.38020572    15.14571403    12.53290050
  628  351  366  407    1     9.09275304     8.99199091     8.43241820
  629  467  408  401    1    13.69495990    12.07377769    11.40343672
  630  175  206  380    1    17.35919719    17.13275829    15.14571403
  631  375  143   90    1     9.57006699    11.41989292    10.25186807
  632  107  404  206    1    16.25906005    13.81857482    22.46037330
  633  224  409  410    1    13.73401922    11.75169635    12.60203873
  634  363  380  206    1    14.00151758    17.13275829    16.86376121
  635  407  411  412    1     7.04880063     9.32646773    10.35030894
  636  375   90  296    1    10.25186807    10.18438261    10.50454073
  637  405  400  413    1     8.72254587    13.09448925    12.26195618
  638  224  410  225    1    12.60203873    12.46003177    16.62186340
  639  313  315  393    1     6.90354386     7.04601620     7.17573541
  640  356  388  336    1     9.75345466    10.89178107     8.27188093
  641  351  407  360    1     8.43241820     7.42251609     9.18488626
  642  225  410  414    1    12.46003177    12.27904379    14.34874433
  643  396  391  415    1    12.13397410    13.29032377    13.31895536
  644  296   90   63    1    10.18438261    12.11302027    11.52407289
  645  416  314  313    1     9.12618967     9.36677117     7.57821352
  646  389  153  417    1    11.79445837    11.01655598    10.11245131
  647  286  340  418    1    10.00416890     9.00853019    10.30999979
  648  325  399  403    1    13.59140131     9.77906399    12.32409967
  649  410  409  419    1    11.75169635    12.30787618     9.95858943
  650  389  417  328    1    10.11245131     8.13611405    11.94391784
  651  375  328  417    1     9.09447429     8.13611405     9.55977424
  652  412  360  407    1    11.80368576     7.42251609    10.35030894
  653  143  417  153    1     8.82595685    11.01655598    13.81252408
  654  449  420  416    1     6.96538102     7.62726030     6.81487825
  655  225  414  269    1    14.34874433    14.47704474    15.56747253
  656  325  403  415    1    12.32409967    11.16821085    14.64391341
  657  425  418  340    1     7.27089649     9.00853019     7.65802843
  658  411  407  366    1     7.04880063     8.99199091    10.81712607
  659  269  414  181    1    14.47704474    14.12081101    13.33043789
  660  415  403  408    1    11.16821085    11.00423682    13.57316362
  661  421  422  423    1     7.59604544     8.19020711     8.02379699
  662  345  360  387    1     9.99038108     9.33603498     9.74594969
  663  181  414  186    1    14.12081101    17.67848434    18.02733390
  664  314  416  424    1     9.12618967     6.96077928     8.80346284
  665  403  401  408    1    10.18505649    12.07377769    11.00423682
  666  357  377  425    1     8.97223886     7.18803958     7.58604778
  667  433  400  387    1     8.75905916     9.57285909     9.44687029
  668  414  410  419    1    12.27904379     9.95858943    12.73350283
  669  396  415  397    1    13.31895536    16.53033714    16.60264759
  670  421  423  426    1     8.02379699     6.90749406     6.96331903
  671  419  409  427    1    12.30787618    14.96694625    16.27174945
  672  387  400  399    1     9.57285909    11.15198081    10.37105727
  673  314  424  428    1     8.80346284     6.81682023     9.88284749
  674  415  391  325    1    13.29032377    14.93709641    14.64391341
  675  419  427  186    1    16.27174945    26.62407392    17.71036624
  676  395  397  307    1    13.01387805    21.83271912    16.25056579
  677  431  377  371    1     8.43224563    10.28063960    10.88729556
  678  408  397  415    1    16.99916311    16.53033714    13.57316362
  679  392  411  366    1     9.77871478    10.81712607     8.30679339
  680  419  186  414    1    17.71036624    17.67848434    12.73350283
  681  423  422  429    1     8.19020711     8.67620366     8.13280768
  682  387  399  338    1    10.37105727    10.68927522    10.69100530
  683  269  181  180    1    13.33043789    18.23512869    18.30305630
  684  428  424  430    1     6.81682023     8.61607715     9.21442580
  685  189  186  427    1    24.45226312    26.62407392    26.04259047
  686  431  432  377    1     9.32463665     9.95228645     8.43224563
  687  338  399  325    1    10.68927522    13.59140131    13.55899286
  688  412  413  433    1    11.94165757    10.64909952    10.17426741
  689  412  433  360    1    10.17426741     8.21031081    11.80368576
  690  423  429  434    1     8.13280768     8.45448986     8.38382523
  691  387  360  433    1     9.33603498     8.21031081     9.44687029
  692  371  402  431    1     8.66228317     9.75767781    10.88729556
  693  400  433  413    1     8.75905916    10.64909952    13.09448925
  694  424  416  435    1     6.96077928     8.05004931     6.94842566
  695  370  369  418    1     9.55195228     9.30814412     8.80344878
  696  429  422  436    1     8.67620366     8.30208268     8.84947825
  697  286  418  369    1    10.30999979     9.30814412    10.86790289
  698  443  422  421    1     6.92161937     7.59604544     6.76401885
  699  421  426  305    1     6.96331903     8.80888538     9.06367020
  700  340  357  425    1     8.48906992     7.58604778     7.65802843
  701  439  370  418    1     8.30912084     8.80344878     9.16893354
  702  304  421  305    1     7.51282070     9.06367020     9.26764578
  703  439  425  377    1     8.08181965     7.18803958     8.81936865
  704  426  423  437    1     6.90749406     9.03734267     8.62306651
  705  274  286  369    1     9.71615959    10.86790289     9.66182626
  706  439  432  160    1     9.13919149    11.82741885    12.71692262
  707  436  422  438    1     8.30208268     9.28392200    10.02713517
  708  418  425  439    1     7.27089649     8.08181965     9.16893354
  709  429  436  440    1     8.84947825    10.03446500     9.37763008
  710  160  370  439    1    12.58243180     8.30912084    12.71692262
  711  377  432  439    1     9.95228645     9.13919149     8.81936865
  712   85   79  316    1    19.46360192    31.05909299    27.44663159
  713  436  438  441    1    10.02713517     9.40406498     8.87767919
  714   85  316    7    1    27.44663159    36.18267540    31.56625218
  715    7  316  321    1    36.18267540    39.66093635    50.00000000
  716  429  440  442    1     9.37763008     9.46147153     8.82334838
  717  438  422  443    1     9.28392200     6.92161937     7.66604357
  718  440  436  420    1    10.03446500     8.30646820     9.32940085
  719  420  436  441    1     8.30646820     8.87767919     8.68576020
  720  429  442  434    1     8.82334838     8.02151194     8.45448986
  721  420  441  435    1     8.68576020     8.16113157     8.21918412
  722  442  440  364    1     9.46147153    10.15161529     8.58104079
  723  435  441  444    1     8.16113157     8.51631117     8.39907424
  724  442  364  339    1     8.58104079     8.65301350     8.68705739
  725  420  435  416    1     8.21918412     8.05004931     7.62726030
  726  434  442  445    1     8.02151194     7.23990668     7.35634323
  727  424  435  430    1     6.94842566     9.03655560     8.61607715
  728  423  434  437    1     8.38382523     8.66802070     9.03734267
  729  441  438  446    1     9.40406498     9.52075592     8.84698261
  730  437  434  447    1     8.66802070     8.17641129     9.16661526
  731  438  443  318    1     7.66604357     7.03456361     8.98356485
  732  305  426  448    1     8.80888538     6.82331501     9.97851274
  733  318  443  304    1     7.03456361     6.38580410     7.61022615
  734  448  426  437    1     6.82331501     8.62306651     9.18707115
  735  421  304  443    1     7.51282070     6.38580410     6.76401885
  736  440  420  449    1     9.32940085     6.96538102     7.68433257
  737  435  444  430    1     8.39907424     8.70886237     9.03655560
  738  440  449  327    1     7.68433257     7.10775769     9.01133845
  739  444  441  446    1     8.51631117     8.84698261     8.09961892
  740  327  449  313    1     7.10775769     6.42679999     7.70121766
  741  444  446  450    1     8.09961892     7.39039868     7.43375322
  742  446  438  350    1     9.52075592    10.13561072     8.68004553
  743  416  313  449    1     7.57821352     6.42679999     6.81487825
  744  446  350  344    1     8.68004553     8.84702882     8.79772043
  745  434  445  447    1     7.35634323     6.81547597     8.17641129
  746  428  430  451    1     9.21442580     9.11955705     9.94417475
  747  447  445  301    1     6.81547597     8.45971394     9.44319308
  748  445  442  339    1     7.23990668     8.68705739     7.17504626
  749  451  430  452    1     9.11955705     8.65229220     6.93101391
  750  463  324  323    1     7.09359717     7.54765898     6.92111966
  751  445  339  301    1     7.17504626     9.39448591     8.45971394
  752  437  447  454    1     9.16661526     7.04181707     8.62601232
  753  453  323  333    1     6.98919626     9.07494180    10.67874832
  754  462  448  437    1     9.98205939     9.18707115     9.18140808
  755  337  324  455    1    10.60105343     9.05555559     9.43454571
  756  454  447  456    1     7.04181707     8.21573585     7.26409464
  757  444  450  457    1     7.43375322     6.90557019     8.30519329
  758  454  456  458    1     7.26409464     9.40859495     8.83969444
  759  450  446  344    1     7.39039868     8.79772043     7.32484595
  760  458  456  459    1     9.40859495     7.07171969     8.45509276
  761  450  344  337    1     7.32484595     9.84938486     8.74114124
  762  456  447  301    1     8.21573585     9.44319308     9.33038640
  763  451  452  460    1     6.93101391     8.61588438     9.83351231
  764  458  459  461    1     8.45509276     7.01047134     9.89760941
  765  452  430  457    1     8.65229220     9.26987981     7.03040428
  766  461  459  242    1     7.01047134     7.10870184     7.82417646
  767  452  457  455    1     7.03040428     8.43389882     7.45170245
  768  242  459  243    1     7.10870184     7.09044100     7.97759238
  769  452  455  460    1     7.45170245     9.14250122     8.61588438
  770  455  457  337    1     8.43389882     9.59451206     9.43454571
  771  461  242  264    1     7.82417646    10.02199410    10.19452290
  772  243  459  456    1     7.09044100     7.07171969     8.26088743
  773  444  457  430    1     8.30519329     9.26987981     8.70886237
  774  457  450  337    1     6.90557019     8.74114124     9.59451206
  775  301  243  456    1     9.48159620     8.26088743     9.33038640
  776  318  350  438    1     8.25806151    10.13561072     8.98356485
  777  327  364  440    1     8.30078243    10.15161529     9.01133845
  778  454  458  462    1     8.83969444     9.94729556     6.94840519
  779  455  324  463    1     9.05555559     7.09359717     7.09722226
  780  437  454  462    1     8.62601232     6.94840519     9.18140808
  781  455  463  460    1     7.09722226     8.47735667     9.14250122
  782  460  463  453    1     8.47735667     6.25255535     9.66071714
  783  323  453  463    1     6.98919626     6.25255535     6.92111966
  784  413  464  405    1    13.03060406     9.71349201    12.26195618
  785  467  405  464    1    10.77542795     9.71349201    13.07692469
  786  397  408  466    1    16.99916311    15.70484740    19.97919922
  787  397  466  308    1    19.97919922    21.04519854    20.55342196
  788  308  466  321    1    21.04519854    23.70633450    28.68664177
  789  467  465  466    1    15.09205458    17.80549608    15.56144499
  790  397  308  307    1    20.55342196    21.37039513    21.83271912
  791  401  405  467    1    10.08448966    10.77542795    11.40343672
  792  466  408  467    1    15.70484740    13.69495990    15.56144499
  793  464  465  467    1    15.63052631    15.09205458    13.07692469
  794  465  321  466    1    21.33886963    23.70633450    17.80549608
    1    4 2.00000e-01 2.10000e+02 1.00000e+01 0.00000e+00 7.68000e+03
    3    1    1    1
  106    1    1    1
    3      100.00000        0.00000        0.00000
  132     -100.00000        0.00000        0.00000
  305        0.00000        0.00000        0.00000
 1600        0.00000        0.00000        0.00000
